0.00,0,1.00,0,1.00,0,1.00,0,0,0,0
0.09,0,1.00,0,1.00,0,1.00,0,0,0,0
0.10,0,1.00,0,1.00,0,1.00,0,0,0,0
0.12,0,1.00,0,1.00,0,1.00,0,0,0,0
0.14,0,1.00,0,1.00,0,1.00,0,0,0,0
0.15,0,1.00,0,1.00,0,1.00,0,0,0,0
0.15,0,1.00,0,1.00,0,1.00,0,0,0,0
0.16,0,1.00,0,1.00,0,1.00,0,0,0,0
0.20,0,1.00,0,1.00,0,1.00,0,0,0,0
0.26,0,1.00,0,1.00,0,1.00,0,0,0,0
0.37,0,1.00,0,1.00,0,1.00,0,0,0,0
0.51,0,1.00,0,1.00,0,1.00,0,0,0,0
0.95,0,1.00,0,1.00,0,1.00,0,0,0,0
1.26,0,1.00,0,1.00,0,1.00,0,0,0,0
1.98,0,1.00,0,1.00,0,1.00,0,0,0,0
3.22,0,1.00,0,1.00,0,1.00,0,0,0,0
3.60,0,1.00,0,1.00,0,1.00,0,0,0,0
4.03,0,1.00,0,1.00,0,1.00,0,0,0,0
4.51,0,1.00,0,1.00,0,1.00,0,0,0,0
4.92,0,1.00,0,1.00,0,1.00,0,0,0,0
5.28,0,1.00,0,1.00,0,1.00,0,0,0,0
5.79,0,1.00,0,1.00,0,1.00,0,0,0,0
6.17,0,1.00,0,1.00,0,1.00,0,0,0,0
6.61,0,1.00,0,1.00,0,1.00,0,0,0,0
7.49,0,1.00,0,1.00,0,1.00,0,0,0,0
8.04,0,1.00,0,1.00,0,1.00,0,0,0,0
8.59,0,1.00,0,1.00,0,1.00,0,0,0,0
8.86,0,1.00,0,1.00,0,1.00,0,0,0,0
9.48,0,1.00,0,1.00,0,1.00,0,0,0,0
9.96,0,1.00,0,1.00,0,1.00,0,0,0,0
10.40,0,1.00,0,1.00,0,1.00,0,0,0,0
10.87,0,1.00,0,1.00,0,1.00,0,0,0,0
11.13,0,1.00,0,1.00,0,1.00,0,0,0,0
11.61,0,1.00,0,1.00,0,1.00,0,0,0,0
12.10,0,1.00,0,1.00,0,1.00,0,0,0,0
12.41,0,1.00,0,1.00,0,1.00,0,0,0,0
13.05,0,1.00,0,1.00,0,1.00,0,0,0,0
13.60,0,1.00,0,1.00,0,1.00,0,0,0,0
14.19,0,1.00,0,1.00,0,1.00,0,0,0,0
14.80,0,1.00,0,1.00,0,1.00,0,0,0,0
15.31,0,1.00,0,1.00,0,1.00,0,0,0,0
15.97,0,1.00,0,1.00,0,1.00,0,0,0,0
16.57,0,1.00,0,1.00,0,1.00,0,0,0,0
17.75,0,1.00,0,1.00,0,1.00,0,0,0,0
18.80,0,1.00,0,1.00,0,1.00,0,0,0,0
19.71,0,1.00,0,1.00,0,1.00,0,0,0,0
20.30,0,1.00,0,1.00,0,1.00,0,0,0,0
20.92,0,1.00,0,1.00,0,1.00,0,0,0,0
21.62,0,1.00,0,1.00,0,1.00,0,0,0,0
22.25,0,1.00,0,1.00,0,1.00,0,0,0,0
22.83,0,1.00,0,1.00,0,1.00,0,0,0,0
23.34,0,1.00,0,1.00,0,1.00,0,0,0,0
23.85,0,1.00,0,1.00,0,1.00,0,0,0,0
24.37,0,1.00,0,1.00,0,1.00,0,0,0,0
24.63,0,1.00,0,1.00,0,1.00,0,0,0,0
25.15,0,1.00,0,1.00,0,1.00,0,0,0,0
25.76,0,1.00,0,1.00,0,1.00,0,0,0,0
26.24,0,1.00,0,1.00,0,1.00,0,0,0,0
26.70,0,1.00,0,1.00,0,1.00,0,0,0,0
27.18,0,1.00,0,1.00,0,1.00,0,0,0,0
27.66,0,1.00,0,1.00,0,1.00,0,0,0,0
28.40,0,1.00,0,1.00,0,1.00,0,0,0,0
28.94,0,1.00,0,1.00,0,1.00,0,0,0,0
29.44,0,1.00,0,1.00,0,1.00,0,0,0,0
29.95,0,1.00,0,1.00,0,1.00,0,0,0,0
30.40,0,1.00,0,1.00,0,1.00,0,0,0,0
30.86,0,1.00,0,1.00,0,1.00,0,0,0,0
31.30,0,1.00,0,1.00,0,1.00,0,0,0,0
31.77,0,1.00,0,1.00,0,1.00,0,0,0,0
32.25,0,1.00,0,1.00,0,1.00,0,0,0,0
32.77,0,1.00,0,1.00,0,1.00,0,0,0,0
33.35,0,1.00,0,1.00,0,1.00,0,0,0,0
33.84,0,1.00,0,1.00,0,1.00,0,0,0,0
34.41,0,1.00,0,1.00,0,1.00,0,0,0,0
34.94,0,1.00,0,1.00,0,1.00,0,0,0,0
35.44,0,1.00,0,1.00,0,1.00,0,0,0,0
36.15,0,1.00,0,1.00,0,1.00,0,0,0,0
36.66,0,1.00,0,1.00,0,1.00,0,0,0,0
37.11,0,1.00,0,1.00,0,1.00,0,0,0,0
37.60,0,1.00,0,1.00,0,1.00,0,0,0,0
38.09,0,1.00,0,1.00,0,1.00,0,0,0,0
38.38,0,1.00,0,1.00,0,1.00,0,0,0,0
38.67,0,1.00,0,1.00,0,1.00,0,0,0,0
39.21,0,1.00,0,1.00,0,1.00,0,0,0,0
39.75,0,1.00,0,1.00,0,1.00,0,0,0,0
40.67,0,1.00,0,1.00,0,1.00,0,0,0,0
41.25,0,1.00,0,1.00,0,1.00,0,0,0,0
41.78,0,1.00,0,1.00,0,1.00,0,0,0,0
42.74,0,1.00,0,1.00,0,1.00,0,0,0,0
44.03,0,1.00,0,1.00,0,1.00,0,0,0,0
44.70,0,1.00,0,1.00,0,1.00,0,0,0,0
45.29,0,1.00,0,1.00,0,1.00,0,0,0,0
45.88,0,1.00,0,1.00,0,1.00,0,0,0,0
46.48,0,1.00,0,1.00,0,1.00,0,0,0,0
47.06,0,1.00,0,1.00,0,1.00,0,0,0,0
47.68,0,1.00,0,1.00,0,1.00,0,0,0,0
47.99,0,1.00,0,1.00,0,1.00,0,0,0,0
48.55,0,1.00,0,1.00,0,1.00,0,0,0,0
49.16,0,1.00,0,1.00,0,1.00,0,0,0,0
49.78,0,1.00,0,1.00,0,1.00,0,0,0,0
50.30,0,1.00,0,1.00,0,1.00,0,0,0,0
50.79,0,1.00,0,1.00,0,1.00,0,0,0,0
51.25,0,1.00,0,1.00,0,1.00,0,0,0,0
51.50,0,1.00,0,1.00,0,1.00,0,0,0,0
52.01,0,1.00,0,1.00,0,1.00,0,0,0,0
52.25,0,1.00,0,1.00,0,1.00,0,0,0,0
52.77,0,1.00,0,1.00,0,1.00,0,0,0,0
53.26,0,1.00,0,1.00,0,1.00,0,0,0,0
53.72,0,1.00,0,1.00,0,1.00,0,0,0,0
53.96,0,1.00,0,1.00,0,1.00,0,0,0,0
54.43,0,1.00,0,1.00,0,1.00,0,0,0,0
54.91,0,1.00,0,1.00,0,1.00,0,0,0,0
55.43,0,1.00,0,1.00,0,1.00,0,0,0,0
55.88,0,1.00,0,1.00,0,1.00,0,0,0,0
56.36,0,1.00,0,1.00,0,1.00,0,0,0,0
56.83,0,1.00,0,1.00,0,1.00,0,0,0,0
57.13,0,1.00,0,1.00,0,1.00,0,0,0,0
57.65,0,1.00,0,1.00,0,1.00,0,0,0,0
58.23,0,1.00,0,1.00,0,1.00,0,0,0,0
58.48,0,1.00,0,1.00,0,1.00,0,0,0,0
59.06,0,1.00,0,1.00,0,1.00,0,0,0,0
59.57,0,1.00,0,1.00,0,1.00,0,0,0,0
59.85,0,1.00,0,1.00,0,1.00,0,0,0,0
60.42,0,1.00,0,1.00,0,1.00,0,0,0,0
60.93,0,1.00,0,1.00,0,1.00,0,0,0,0
61.43,0,1.00,0,1.00,0,1.00,0,0,0,0
61.91,0,1.00,0,1.00,0,1.00,0,0,0,0
62.33,0,1.00,0,1.00,0,1.00,0,0,0,0
62.58,0,1.00,0,1.00,0,1.00,0,0,0,0
63.04,0,1.00,0,1.00,0,1.00,0,0,0,0
63.73,0,1.00,0,1.00,0,1.00,0,0,0,0
64.29,0,1.00,0,1.00,0,1.00,0,0,0,0
65.06,0,1.00,0,1.00,0,1.00,0,0,0,0
65.99,0,1.00,0,1.00,0,1.00,0,0,0,0
66.75,0,1.00,0,1.00,0,1.00,0,0,0,0
67.32,0,1.00,0,1.00,0,1.00,0,0,0,0
67.93,0,1.00,0,1.00,0,1.00,0,0,0,0
68.23,0,1.00,0,1.00,0,1.00,0,0,0,0
68.95,0,1.00,0,1.00,0,1.00,0,0,0,0
69.43,0,1.00,0,1.00,0,1.00,0,0,0,0
69.67,0,1.00,0,1.00,0,1.00,0,0,0,0
70.40,0,1.00,0,1.00,0,1.00,0,0,0,0
70.89,0,1.00,0,1.00,0,1.00,0,0,0,0
71.16,0,1.00,0,1.00,0,1.00,0,0,0,0
71.64,0,1.00,0,1.00,0,1.00,0,0,0,0
72.24,0,1.00,0,1.00,0,1.00,0,0,0,0
72.50,0,1.00,0,1.00,0,1.00,0,0,0,0
72.96,0,1.00,0,1.00,0,1.00,0,0,0,0
73.42,0,1.00,0,1.00,0,1.00,0,0,0,0
74.00,0,1.00,0,1.00,0,1.00,0,0,0,0
74.44,0,1.00,0,1.00,0,1.00,0,0,0,0
74.90,0,1.00,0,1.00,0,1.00,0,0,0,0
75.40,0,1.00,0,1.00,0,1.00,0,0,0,0
75.64,0,1.00,0,1.00,0,1.00,0,0,0,0
76.15,0,1.00,0,1.00,0,1.00,0,0,0,0
76.65,0,1.00,0,1.00,0,1.00,0,0,0,0
77.22,0,1.00,0,1.00,0,1.00,0,0,0,0
77.85,0,1.00,0,1.00,0,1.00,0,0,0,0
78.15,0,1.00,0,1.00,0,1.00,0,0,0,0
78.74,0,1.00,0,1.00,0,1.00,0,0,0,0
79.05,0,1.00,0,1.00,0,1.00,0,0,0,0
79.64,0,1.00,0,1.00,0,1.00,0,0,0,0
79.96,0,1.00,0,1.00,0,1.00,0,0,0,0
80.29,0,1.00,0,1.00,0,1.00,0,0,0,0
80.95,0,1.00,0,1.00,0,1.00,0,0,0,0
81.70,0,1.00,0,1.00,0,1.00,0,0,0,0
82.06,0,1.00,0,1.00,0,1.00,0,0,0,0
82.41,0,1.00,0,1.00,0,1.00,0,0,0,0
83.12,0,1.00,0,1.00,0,1.00,0,0,0,0
83.42,0,1.00,0,1.00,0,1.00,0,0,0,0
84.03,0,1.00,0,1.00,0,1.00,0,0,0,0
84.33,0,1.00,0,1.00,0,1.00,0,0,0,0
84.93,0,1.00,0,1.00,0,1.00,0,0,0,0
85.24,0,1.00,0,1.00,0,1.00,0,0,0,0
85.83,0,1.00,0,1.00,0,1.00,0,0,0,0
86.50,0,1.00,0,1.00,0,1.00,0,0,0,0
87.07,0,1.00,0,1.00,0,1.00,0,0,0,0
87.62,0,1.00,0,1.00,0,1.00,0,0,0,0
87.89,0,1.00,0,1.00,0,1.00,0,0,0,0
88.51,0,1.00,0,1.00,0,1.00,0,0,0,0
88.79,0,1.00,0,1.00,0,1.00,0,0,0,0
89.58,0,1.00,0,1.00,0,1.00,0,0,0,0
90.26,0,1.00,0,1.00,0,1.00,0,0,0,0
91.12,0,1.00,0,1.00,0,1.00,0,0,0,0
92.32,0,1.00,0,1.00,0,1.00,0,0,0,0
92.64,0,1.00,0,1.00,0,1.00,0,0,0,0
93.34,0,1.00,0,1.00,0,1.00,0,0,0,0
94.06,0,1.00,0,1.00,0,1.00,0,0,0,0
94.72,0,1.00,0,1.00,0,1.00,0,0,0,0
95.27,0,1.00,0,1.00,0,1.00,0,0,0,0
95.83,0,1.00,0,1.00,0,1.00,0,0,0,0
96.37,0,1.00,0,1.00,0,1.00,0,0,0,0
96.68,0,1.00,0,1.00,0,1.00,0,0,0,0
97.28,0,1.00,0,1.00,0,1.00,0,0,0,0
97.71,0,1.00,0,1.00,0,1.00,0,0,0,0
98.32,0,1.00,0,1.00,0,1.00,0,0,0,0
98.88,0,1.00,0,1.00,0,1.00,0,0,0,0
99.20,0,1.00,0,1.00,0,1.00,0,0,0,0
99.77,0,1.00,0,1.00,0,1.00,0,0,0,0
100.31,0,1.00,0,1.00,0,1.00,0,0,0,0
100.62,0,1.00,0,1.00,0,1.00,0,0,0,0
101.15,0,1.00,0,1.00,0,1.00,0,0,0,0
101.68,0,1.00,0,1.00,0,1.00,0,0,0,0
102.16,0,1.00,0,1.00,0,1.00,0,0,0,0
102.66,0,1.00,0,1.00,0,1.00,0,0,0,0
103.15,0,1.00,0,1.00,0,1.00,0,0,0,0
103.42,0,1.00,0,1.00,0,1.00,0,0,0,0
104.03,0,1.00,0,1.00,0,1.00,0,0,0,0
104.64,0,1.00,0,1.00,0,1.00,0,0,0,0
105.24,0,1.00,0,1.00,0,1.00,0,0,0,0
105.83,0,1.00,0,1.00,0,1.00,0,0,0,0
106.34,0,1.00,0,1.00,0,1.00,0,0,0,0
106.84,0,1.00,0,1.00,0,1.00,0,0,0,0
107.67,0,1.00,0,1.00,0,1.00,0,0,0,0
108.10,0,1.00,0,1.00,0,1.00,0,0,0,0
108.71,0,1.00,0,1.00,0,1.00,0,0,0,0
109.36,0,1.00,0,1.00,0,1.00,0,0,0,0
0.00,0,1.00,0,1.00,0,1.00,0,0,0,0
0.05,0,1.00,0,1.00,0,1.00,0,0,0,0
0.06,0,1.00,0,1.00,0,1.00,0,0,0,0
0.08,0,1.00,0,1.00,0,1.00,0,0,0,0
0.10,0,1.00,0,1.00,0,1.00,0,0,0,0
0.12,0,1.00,0,1.00,0,1.00,0,0,0,0
0.14,0,1.00,0,1.00,0,1.00,0,0,0,0
0.22,0,1.00,0,1.00,0,1.00,0,0,0,0
0.38,0,1.00,0,1.00,0,1.00,0,0,0,0
0.54,0,1.00,0,1.00,0,1.00,0,0,0,0
0.75,0,1.00,0,1.00,0,1.00,0,0,0,0
1.11,0,1.00,0,1.00,0,1.00,0,0,0,0
1.39,0,1.00,0,1.00,0,1.00,0,0,0,0
1.69,0,1.00,0,1.00,0,1.00,0,0,0,0
2.01,0,1.00,0,1.00,0,1.00,0,0,0,0
2.36,0,1.00,0,1.00,0,1.00,0,0,0,0
2.73,0,1.00,0,1.00,0,1.00,0,0,0,0
3.12,0,1.00,0,1.00,0,1.00,0,0,0,0
3.54,0,1.00,0,1.00,0,1.00,0,0,0,0
3.92,0,1.00,0,1.00,0,1.00,0,0,0,0
4.19,0,1.00,0,1.00,0,1.00,0,0,0,0
4.60,0,1.00,0,1.00,0,1.00,0,0,0,0
5.03,0,1.00,0,1.00,0,1.00,0,0,0,0
5.47,0,1.00,0,1.00,0,1.00,0,0,0,0
5.91,0,1.00,0,1.00,0,1.00,0,0,0,0
6.57,0,1.00,0,1.00,0,1.00,0,0,0,0
7.20,0,1.00,0,1.00,0,1.00,0,0,0,0
7.54,0,1.00,0,1.00,0,1.00,0,0,0,0
8.14,0,1.00,0,1.00,0,1.00,0,0,0,0
8.74,0,1.00,0,1.00,0,1.00,0,0,0,0
9.26,0,1.00,0,1.00,0,1.00,0,0,0,0
9.56,0,1.00,0,1.00,0,1.00,0,0,0,0
10.11,0,1.00,0,1.00,0,1.00,0,0,0,0
10.74,0,1.00,0,1.00,0,1.00,0,0,0,0
11.26,0,1.00,0,1.00,0,1.00,0,0,0,0
11.90,0,1.00,0,1.00,0,1.00,0,0,0,0
12.50,0,1.00,0,1.00,0,1.00,0,0,0,0
13.55,0,1.00,0,1.00,0,1.00,0,0,0,0
13.98,0,1.00,0,1.00,0,1.00,0,0,0,0
15.23,0,1.00,0,1.00,0,1.00,0,0,0,0
16.23,0,1.00,0,1.00,0,1.00,0,0,0,0
17.80,0,1.00,0,1.00,0,1.00,0,0,0,0
18.60,0,1.00,0,1.00,0,1.00,0,0,0,0
19.57,0,1.00,0,1.00,0,1.00,0,0,0,0
20.34,0,1.00,0,1.00,0,1.00,0,0,0,0
21.09,0,1.00,0,1.00,0,1.00,0,0,0,0
21.88,0,1.00,0,1.00,0,1.00,0,0,0,0
22.24,0,1.00,0,1.00,0,1.00,0,0,0,0
22.79,0,1.00,0,1.00,0,1.00,0,0,0,0
23.30,0,1.00,0,1.00,0,1.00,0,0,0,0
24.04,0,1.00,0,1.00,0,1.00,0,0,0,0
24.49,0,1.00,0,1.00,0,1.00,0,0,0,0
25.14,0,1.00,0,1.00,0,1.00,0,0,0,0
25.45,0,1.00,0,1.00,0,1.00,0,0,0,0
26.05,0,1.00,0,1.00,0,1.00,0,0,0,0
26.58,0,1.00,0,1.00,0,1.00,0,0,0,0
26.89,0,1.00,0,1.00,0,1.00,0,0,0,0
27.43,0,1.00,0,1.00,0,1.00,0,0,0,0
28.11,0,1.00,0,1.00,0,1.00,0,0,0,0
28.52,0,1.00,0,1.00,0,1.00,0,0,0,0
29.14,0,1.00,0,1.00,0,1.00,0,0,0,0
29.68,0,1.00,0,1.00,0,1.00,0,0,0,0
30.16,0,1.00,0,1.00,0,1.00,0,0,0,0
30.72,0,1.00,0,1.00,0,1.00,0,0,0,0
31.32,0,1.00,0,1.00,0,1.00,0,0,0,0
31.88,0,1.00,0,1.00,0,1.00,0,0,0,0
32.52,0,1.00,0,1.00,0,1.00,0,0,0,0
33.21,0,1.00,0,1.00,0,1.00,0,0,0,0
33.81,0,1.00,0,1.00,0,1.00,0,0,0,0
34.34,0,1.00,0,1.00,0,1.00,0,0,0,0
34.88,0,1.00,0,1.00,0,1.00,0,0,0,0
35.46,0,1.00,0,1.00,0,1.00,0,0,0,0
36.01,0,1.00,0,1.00,0,1.00,0,0,0,0
36.68,0,1.00,0,1.00,0,1.00,0,0,0,0
37.41,0,1.00,0,1.00,0,1.00,0,0,0,0
38.12,0,1.00,0,1.00,0,1.00,0,0,0,0
38.92,0,1.00,0,1.00,0,1.00,0,0,0,0
39.78,0,1.00,0,1.00,0,1.00,0,0,0,0
40.48,0,1.00,0,1.00,0,1.00,0,0,0,0
41.23,0,1.00,0,1.00,0,1.00,0,0,0,0
41.75,0,1.00,0,1.00,0,1.00,0,0,0,0
42.32,0,1.00,0,1.00,0,1.00,0,0,0,0
42.78,0,1.00,0,1.00,0,1.00,0,0,0,0
43.27,0,1.00,0,1.00,0,1.00,0,0,0,0
43.80,0,1.00,0,1.00,0,1.00,0,0,0,0
44.45,0,1.00,0,1.00,0,1.00,0,0,0,0
45.01,0,1.00,0,1.00,0,1.00,0,0,0,0
45.67,0,1.00,0,1.00,0,1.00,0,0,0,0
46.29,0,1.00,0,1.00,0,1.00,0,0,0,0
46.83,0,1.00,0,1.00,0,1.00,0,0,0,0
47.56,0,1.00,0,1.00,0,1.00,0,0,0,0
48.09,0,1.00,0,1.00,0,1.00,0,0,0,0
48.62,0,1.00,0,1.00,0,1.00,0,0,0,0
49.13,0,1.00,0,1.00,0,1.00,0,0,0,0
49.59,0,1.00,0,1.00,0,1.00,0,0,0,0
50.12,0,1.00,0,1.00,0,1.00,0,0,0,0
50.65,0,1.00,0,1.00,0,1.00,0,0,0,0
51.12,0,1.00,0,1.00,0,1.00,0,0,0,0
51.63,0,1.00,0,1.00,0,1.00,0,0,0,0
52.11,0,1.00,0,1.00,0,1.00,0,0,0,0
52.39,0,1.00,0,1.00,0,1.00,0,0,0,0
52.89,0,1.00,0,1.00,0,1.00,0,0,0,0
53.40,0,1.00,0,1.00,0,1.00,0,0,0,0
53.87,0,1.00,0,1.00,0,1.00,0,0,0,0
54.30,0,1.00,0,1.00,0,1.00,0,0,0,0
54.74,0,1.00,0,1.00,0,1.00,0,0,0,0
55.01,0,1.00,0,1.00,0,1.00,0,0,0,0
55.43,0,1.00,0,1.00,0,1.00,0,0,0,0
55.87,0,1.00,0,1.00,0,1.00,0,0,0,0
56.37,0,1.00,0,1.00,0,1.00,0,0,0,0
56.82,0,1.00,0,1.00,0,1.00,0,0,0,0
57.09,0,1.00,0,1.00,0,1.00,0,0,0,0
57.60,0,1.00,0,1.00,0,1.00,0,0,0,0
58.11,0,1.00,0,1.00,0,1.00,0,0,0,0
58.40,0,1.00,0,1.00,0,1.00,0,0,0,0
58.90,0,1.00,0,1.00,0,1.00,0,0,0,0
59.13,0,1.00,0,1.00,0,1.00,0,0,0,0
59.56,0,1.00,0,1.00,0,1.00,0,0,0,0
60.03,0,1.00,0,1.00,0,1.00,0,0,0,0
60.64,0,1.00,0,1.00,0,1.00,0,0,0,0
61.22,0,1.00,0,1.00,0,1.00,0,0,0,0
61.79,0,1.00,0,1.00,0,1.00,0,0,0,0
62.51,0,1.00,0,1.00,0,1.00,0,0,0,0
63.45,0,1.00,0,1.00,0,1.00,0,0,0,0
64.01,0,1.00,0,1.00,0,1.00,0,0,0,0
64.67,0,1.00,0,1.00,0,1.00,0,0,0,0
65.31,0,1.00,0,1.00,0,1.00,0,0,0,0
65.98,0,1.00,0,1.00,0,1.00,0,0,0,0
66.56,0,1.00,0,1.00,0,1.00,0,0,0,0
67.08,0,1.00,0,1.00,0,1.00,0,0,0,0
67.65,0,1.00,0,1.00,0,1.00,0,0,0,0
67.92,0,1.00,0,1.00,0,1.00,0,0,0,0
68.40,0,1.00,0,1.00,0,1.00,0,0,0,0
68.87,0,1.00,0,1.00,0,1.00,0,0,0,0
69.26,0,1.00,0,1.00,0,1.00,0,0,0,0
69.75,0,1.00,0,1.00,0,1.00,0,0,0,0
70.28,0,1.00,0,1.00,0,1.00,0,0,0,0
70.78,0,1.00,0,1.00,0,1.00,0,0,0,0
71.26,0,1.00,0,1.00,0,1.00,0,0,0,0
71.76,0,1.00,0,1.00,0,1.00,0,0,0,0
72.25,0,1.00,0,1.00,0,1.00,0,0,0,0
72.70,0,1.00,0,1.00,0,1.00,0,0,0,0
73.14,0,1.00,0,1.00,0,1.00,0,0,0,0
73.38,0,1.00,0,1.00,0,1.00,0,0,0,0
73.66,0,1.00,0,1.00,0,1.00,0,0,0,0
74.20,0,1.00,0,1.00,0,1.00,0,0,0,0
74.81,0,1.00,0,1.00,0,1.00,0,0,0,0
75.45,0,1.00,0,1.00,0,1.00,0,0,0,0
76.03,0,1.00,0,1.00,0,1.00,0,0,0,0
76.62,0,1.00,0,1.00,0,1.00,0,0,0,0
77.16,0,1.00,0,1.00,0,1.00,0,0,0,0
77.45,0,1.00,0,1.00,0,1.00,0,0,0,0
77.79,0,1.00,0,1.00,0,1.00,0,0,0,0
78.39,0,1.00,0,1.00,0,1.00,0,0,0,0
78.92,0,1.00,0,1.00,0,1.00,0,0,0,0
79.20,0,1.00,0,1.00,0,1.00,0,0,0,0
79.54,0,1.00,0,1.00,0,1.00,0,0,0,0
80.04,0,1.00,0,1.00,0,1.00,0,0,0,0
80.70,0,1.00,0,1.00,0,1.00,0,0,0,0
81.00,0,1.00,0,1.00,0,1.00,0,0,0,0
81.37,0,1.00,0,1.00,0,1.00,0,0,0,0
81.69,0,1.00,0,1.00,0,1.00,0,0,0,0
82.27,0,1.00,0,1.00,0,1.00,0,0,0,0
82.89,0,1.00,0,1.00,0,1.00,0,0,0,0
83.44,0,1.00,0,1.00,0,1.00,0,0,0,0
83.97,0,1.00,0,1.00,0,1.00,0,0,0,0
84.45,0,1.00,0,1.00,0,1.00,0,0,0,0
84.96,0,1.00,0,1.00,0,1.00,0,0,0,0
85.61,0,1.00,0,1.00,0,1.00,0,0,0,0
86.22,0,1.00,0,1.00,0,1.00,0,0,0,0
86.58,0,1.00,0,1.00,0,1.00,0,0,0,0
87.64,0,1.00,0,1.00,0,1.00,0,0,0,0
88.54,0,1.00,0,1.00,0,1.00,0,0,0,0
89.31,0,1.00,0,1.00,0,1.00,0,0,0,0
90.17,0,1.00,0,1.00,0,1.00,0,0,0,0
91.12,0,1.00,0,1.00,0,1.00,0,0,0,0
91.81,0,1.00,0,1.00,0,1.00,0,0,0,0
92.14,0,1.00,0,1.00,0,1.00,0,0,0,0
92.52,0,1.00,0,1.00,0,1.00,0,0,0,0
93.11,0,1.00,0,1.00,0,1.00,0,0,0,0
93.67,0,1.00,0,1.00,0,1.00,0,0,0,0
93.96,0,1.00,0,1.00,0,1.00,0,0,0,0
94.59,0,1.00,0,1.00,0,1.00,0,0,0,0
94.88,0,1.00,0,1.00,0,1.00,0,0,0,0
95.48,0,1.00,0,1.00,0,1.00,0,0,0,0
95.77,0,1.00,0,1.00,0,1.00,0,0,0,0
96.36,0,1.00,0,1.00,0,1.00,0,0,0,0
96.92,0,1.00,0,1.00,0,1.00,0,0,0,0
97.22,0,1.00,0,1.00,0,1.00,0,0,0,0
97.53,0,1.00,0,1.00,0,1.00,0,0,0,0
98.11,0,1.00,0,1.00,0,1.00,0,0,0,0
98.76,0,1.00,0,1.00,0,1.00,0,0,0,0
99.06,0,1.00,0,1.00,0,1.00,0,0,0,0
99.62,0,1.00,0,1.00,0,1.00,0,0,0,0
100.23,0,1.00,0,1.00,0,1.00,0,0,0,0
100.92,0,1.00,0,1.00,0,1.00,0,0,0,0
101.24,0,1.00,0,1.00,0,1.00,0,0,0,0
101.86,0,1.00,0,1.00,0,1.00,0,0,0,0
102.42,0,1.00,0,1.00,0,1.00,0,0,0,0
103.01,0,1.00,0,1.00,0,1.00,0,0,0,0
103.32,0,1.00,0,1.00,0,1.00,0,0,0,0
103.96,0,1.00,0,1.00,0,1.00,0,0,0,0
104.27,0,1.00,0,1.00,0,1.00,0,0,0,0
104.89,0,1.00,0,1.00,0,1.00,0,0,0,0
105.53,0,1.00,0,1.00,0,1.00,0,0,0,0
106.19,0,1.00,0,1.00,0,1.00,0,0,0,0
106.79,0,1.00,0,1.00,0,1.00,0,0,0,0
107.36,0,1.00,0,1.00,0,1.00,0,0,0,0
108.31,0,1.00,0,1.00,0,1.00,0,0,0,0
108.87,0,1.00,0,1.00,0,1.00,0,0,0,0
109.15,0,1.00,0,1.00,0,1.00,0,0,0,0
109.92,0,1.00,0,1.00,0,1.00,0,0,0,0
110.50,0,1.00,0,1.00,0,1.00,0,0,0,0
110.80,0,1.00,0,1.00,0,1.00,0,0,0,0
111.46,0,1.00,0,1.00,0,1.00,0,0,0,0
112.16,0,1.00,0,1.00,0,1.00,0,0,0,0
112.93,0,1.00,0,1.00,0,1.00,0,0,0,0
114.08,0,1.00,0,1.00,0,1.00,0,0,0,0
115.49,0,1.00,0,1.00,0,1.00,0,0,0,0
116.23,0,1.00,0,1.00,0,1.00,0,0,0,0
116.84,0,1.00,0,1.00,0,1.00,0,0,0,0
117.47,0,1.00,0,1.00,0,1.00,0,0,0,0
117.78,0,1.00,0,1.00,0,1.00,0,0,0,0
118.48,0,1.00,0,1.00,0,1.00,0,0,0,0
119.11,0,1.00,0,1.00,0,1.00,0,0,0,0
119.74,0,1.00,0,1.00,0,1.00,0,0,0,0
120.12,0,1.00,0,1.00,0,1.00,0,0,0,0
120.74,0,1.00,0,1.00,0,1.00,0,0,0,0
121.35,0,1.00,0,1.00,0,1.00,0,0,0,0
121.67,0,1.00,0,1.00,0,1.00,0,0,0,0
122.37,0,1.00,0,1.00,0,1.00,0,0,0,0
122.68,0,1.00,0,1.00,0,1.00,0,0,0,0
123.04,0,1.00,0,1.00,0,1.00,0,0,0,0
123.71,0,1.00,0,1.00,0,1.00,0,0,0,0
124.36,0,1.00,0,1.00,0,1.00,0,0,0,0
124.96,0,1.00,0,1.00,0,1.00,0,0,0,0
125.57,0,1.00,0,1.00,0,1.00,0,0,0,0
126.15,0,1.00,0,1.00,0,1.00,0,0,0,0
126.81,0,1.00,0,1.00,0,1.00,0,0,0,0
127.41,0,1.00,0,1.00,0,1.00,0,0,0,0
128.01,0,1.00,0,1.00,0,1.00,0,0,0,0
128.65,0,1.00,0,1.00,0,1.00,0,0,0,0
129.25,0,1.00,0,1.00,0,1.00,0,0,0,0
129.87,0,1.00,0,1.00,0,1.00,0,0,0,0
130.16,0,1.00,0,1.00,0,1.00,0,0,0,0
130.76,0,1.00,0,1.00,0,1.00,0,0,0,0
131.01,0,1.00,0,1.00,0,1.00,0,0,0,0
131.57,0,1.00,0,1.00,0,1.00,0,0,0,0
131.89,0,1.00,0,1.00,0,1.00,0,0,0,0
132.41,0,1.00,0,1.00,0,1.00,0,0,0,0
132.92,0,1.00,0,1.00,0,1.00,0,0,0,0
133.49,0,1.00,0,1.00,0,1.00,0,0,0,0
134.19,0,1.00,0,1.00,0,1.00,0,0,0,0
135.14,0,1.00,0,1.00,0,1.00,0,0,0,0
135.73,0,1.00,0,1.00,0,1.00,0,0,0,0
136.43,0,1.00,0,1.00,0,1.00,0,0,0,0
137.11,0,1.00,0,1.00,0,1.00,0,0,0,0
137.92,0,1.00,0,1.00,0,1.00,0,0,0,0
138.75,0,1.00,0,1.00,0,1.00,0,0,0,0
139.40,0,1.00,0,1.00,0,1.00,0,0,0,0
140.40,0,1.00,0,1.00,0,1.00,0,0,0,0
141.55,0,1.00,0,1.00,0,1.00,0,0,0,0
142.45,0,1.00,0,1.00,0,1.00,0,0,0,0
143.00,0,1.00,0,1.00,0,1.00,0,0,0,0
144.09,0,1.00,0,1.00,0,1.00,0,0,0,0
145.04,0,1.00,0,1.00,0,1.00,0,0,0,0
145.65,0,1.00,0,1.00,0,1.00,0,0,0,0
146.25,0,1.00,0,1.00,0,1.00,0,0,0,0
146.86,0,1.00,0,1.00,0,1.00,0,0,0,0
147.40,0,1.00,0,1.00,0,1.00,0,0,0,0
148.16,0,1.00,0,1.00,0,1.00,0,0,0,0
148.40,0,1.00,0,1.00,0,1.00,0,0,0,0
148.95,0,1.00,0,1.00,0,1.00,0,0,0,0
149.54,0,1.00,0,1.00,0,1.00,0,0,0,0
150.08,0,1.00,0,1.00,0,1.00,0,0,0,0
150.62,0,1.00,0,1.00,0,1.00,0,0,0,0
151.17,0,1.00,0,1.00,0,1.00,0,0,0,0
151.75,0,1.00,0,1.00,0,1.00,0,0,0,0
152.03,0,1.00,0,1.00,0,1.00,0,0,0,0
152.57,0,1.00,0,1.00,0,1.00,0,0,0,0
153.15,0,1.00,0,1.00,0,1.00,0,0,0,0
153.80,0,1.00,0,1.00,0,1.00,0,0,0,0
154.44,0,1.00,0,1.00,0,1.00,0,0,0,0
155.01,0,1.00,0,1.00,0,1.00,0,0,0,0
155.58,0,1.00,0,1.00,0,1.00,0,0,0,0
156.12,0,1.00,0,1.00,0,1.00,0,0,0,0
156.40,0,1.00,0,1.00,0,1.00,0,0,0,0
157.07,0,1.00,0,1.00,0,1.00,0,0,0,0
157.58,0,1.00,0,1.00,0,1.00,0,0,0,0
157.89,0,1.00,0,1.00,0,1.00,0,0,0,0
158.40,0,1.00,0,1.00,0,1.00,0,0,0,0
158.94,0,1.00,0,1.00,0,1.00,0,0,0,0
159.47,0,1.00,0,1.00,0,1.00,0,0,0,0
160.01,0,1.00,0,1.00,0,1.00,0,0,0,0
160.52,0,1.00,0,1.00,0,1.00,0,0,0,0
161.04,0,1.00,0,1.00,0,1.00,0,0,0,0
161.29,0,1.00,0,1.00,0,1.00,0,0,0,0
161.90,0,1.00,0,1.00,0,1.00,0,0,0,0
162.19,0,1.00,0,1.00,0,1.00,0,0,0,0
162.74,0,1.00,0,1.00,0,1.00,0,0,0,0
163.30,0,1.00,0,1.00,0,1.00,0,0,0,0
164.37,0,1.00,0,1.00,0,1.00,0,0,0,0
164.74,0,1.00,0,1.00,0,1.00,0,0,0,0
165.39,0,1.00,0,1.00,0,1.00,0,0,0,0
166.20,0,1.00,0,1.00,0,1.00,0,0,0,0
167.20,0,1.00,0,1.00,0,1.00,0,0,0,0
167.70,0,1.00,0,1.00,0,1.00,0,0,0,0
168.46,0,1.00,0,1.00,0,1.00,0,0,0,0
169.10,0,1.00,0,1.00,0,1.00,0,0,0,0
169.74,0,1.00,0,1.00,0,1.00,0,0,0,0
170.36,0,1.00,0,1.00,0,1.00,0,0,0,0
170.97,0,1.00,0,1.00,0,1.00,0,0,0,0
171.27,0,1.00,0,1.00,0,1.00,0,0,0,0
172.01,0,1.00,0,1.00,0,1.00,0,0,0,0
172.63,0,1.00,0,1.00,0,1.00,0,0,0,0
173.32,0,1.00,0,1.00,0,1.00,0,0,0,0
173.63,0,1.00,0,1.00,0,1.00,0,0,0,0
174.34,0,1.00,0,1.00,0,1.00,0,0,0,0
174.88,0,1.00,0,1.00,0,1.00,0,0,0,0
175.17,0,1.00,0,1.00,0,1.00,0,0,0,0
175.78,0,1.00,0,1.00,0,1.00,0,0,0,0
176.11,0,1.00,0,1.00,0,1.00,0,0,0,0
176.70,0,1.00,0,1.00,0,1.00,0,0,0,0
177.25,0,1.00,0,1.00,0,1.00,0,0,0,0
177.89,0,1.00,0,1.00,0,1.00,0,0,0,0
178.20,0,1.00,0,1.00,0,1.00,0,0,0,0
179.26,0,1.00,0,1.00,0,1.00,0,0,0,0
179.63,0,1.00,0,1.00,0,1.00,0,0,0,0
180.20,0,1.00,0,1.00,0,1.00,0,0,0,0
180.73,0,1.00,0,1.00,0,1.00,0,0,0,0
181.31,0,1.00,0,1.00,0,1.00,0,0,0,0
181.89,0,1.00,0,1.00,0,1.00,0,0,0,0
182.42,0,1.00,0,1.00,0,1.00,0,0,0,0
182.99,0,1.00,0,1.00,0,1.00,0,0,0,0
183.58,0,1.00,0,1.00,0,1.00,0,0,0,0
184.17,0,1.00,0,1.00,0,1.00,0,0,0,0
184.75,0,1.00,0,1.00,0,1.00,0,0,0,0
185.22,0,1.00,0,1.00,0,1.00,0,0,0,0
185.69,0,1.00,0,1.00,0,1.00,0,0,0,0
186.17,0,1.00,0,1.00,0,1.00,0,0,0,0
186.65,0,1.00,0,1.00,0,1.00,0,0,0,0
187.10,0,1.00,0,1.00,0,1.00,0,0,0,0
187.58,0,1.00,0,1.00,0,1.00,0,0,0,0
188.11,0,1.00,0,1.00,0,1.00,0,0,0,0
188.63,0,1.00,0,1.00,0,1.00,0,0,0,0
189.18,0,1.00,0,1.00,0,1.00,0,0,0,0
189.69,0,1.00,0,1.00,0,1.00,0,0,0,0
189.95,0,1.00,0,1.00,0,1.00,0,0,0,0
190.52,0,1.00,0,1.00,0,1.00,0,0,0,0
191.11,0,1.00,0,1.00,0,1.00,0,0,0,0
191.72,0,1.00,0,1.00,0,1.00,0,0,0,0
192.49,0,1.00,0,1.00,0,1.00,0,0,0,0
194.15,0,1.00,0,1.00,0,1.00,0,0,0,0
194.78,0,1.00,0,1.00,0,1.00,0,0,0,0
195.39,0,1.00,0,1.00,0,1.00,0,0,0,0
195.98,0,1.00,0,1.00,0,1.00,0,0,0,0
196.48,0,1.00,0,1.00,0,1.00,0,0,0,0
197.01,0,1.00,0,1.00,0,1.00,0,0,0,0
197.58,0,1.00,0,1.00,0,1.00,0,0,0,0
198.09,0,1.00,0,1.00,0,1.00,0,0,0,0
198.65,0,1.00,0,1.00,0,1.00,0,0,0,0
199.17,0,1.00,0,1.00,0,1.00,0,0,0,0
199.70,0,1.00,0,1.00,0,1.00,0,0,0,0
200.22,0,1.00,0,1.00,0,1.00,0,0,0,0
200.79,0,1.00,0,1.00,0,1.00,0,0,0,0
201.46,0,1.00,0,1.00,0,1.00,0,0,0,0
202.11,0,1.00,0,1.00,0,1.00,0,0,0,0
202.72,0,1.00,0,1.00,0,1.00,0,0,0,0
203.27,0,1.00,0,1.00,0,1.00,0,0,0,0
203.76,0,1.00,0,1.00,0,1.00,0,0,0,0
204.26,0,1.00,0,1.00,0,1.00,0,0,0,0
204.74,0,1.00,0,1.00,0,1.00,0,0,0,0
205.28,0,1.00,0,1.00,0,1.00,0,0,0,0
205.60,0,1.00,0,1.00,0,1.00,0,0,0,0
206.13,0,1.00,0,1.00,0,1.00,0,0,0,0
206.62,0,1.00,0,1.00,0,1.00,0,0,0,0
207.14,0,1.00,0,1.00,0,1.00,0,0,0,0
207.68,0,1.00,0,1.00,0,1.00,0,0,0,0
207.94,0,1.00,0,1.00,0,1.00,0,0,0,0
208.59,0,1.00,0,1.00,0,1.00,0,0,0,0
209.17,0,1.00,0,1.00,0,1.00,0,0,0,0
209.68,0,1.00,0,1.00,0,1.00,0,0,0,0
210.15,0,1.00,0,1.00,0,1.00,0,0,0,0
210.63,0,1.00,0,1.00,0,1.00,0,0,0,0
211.16,0,1.00,0,1.00,0,1.00,0,0,0,0
211.49,0,1.00,0,1.00,0,1.00,0,0,0,0
212.02,0,1.00,0,1.00,0,1.00,0,0,0,0
212.53,0,1.00,0,1.00,0,1.00,0,0,0,0
212.84,0,1.00,0,1.00,0,1.00,0,0,0,0
213.38,0,1.00,0,1.00,0,1.00,0,0,0,0
213.93,0,1.00,0,1.00,0,1.00,0,0,0,0
214.44,0,1.00,0,1.00,0,1.00,0,0,0,0
214.96,0,1.00,0,1.00,0,1.00,0,0,0,0
215.49,0,1.00,0,1.00,0,1.00,0,0,0,0
216.05,0,1.00,0,1.00,0,1.00,0,0,0,0
216.69,0,1.00,0,1.00,0,1.00,0,0,0,0
217.62,0,1.00,0,1.00,0,1.00,0,0,0,0
218.13,0,1.00,0,1.00,0,1.00,0,0,0,0
218.81,0,1.00,0,1.00,0,1.00,0,0,0,0
219.90,0,1.00,0,1.00,0,1.00,0,0,0,0
220.62,0,1.00,0,1.00,0,1.00,0,0,0,0
221.26,0,1.00,0,1.00,0,1.00,0,0,0,0
221.92,0,1.00,0,1.00,0,1.00,0,0,0,0
222.58,0,1.00,0,1.00,0,1.00,0,0,0,0
223.18,0,1.00,0,1.00,0,1.00,0,0,0,0
223.72,0,1.00,0,1.00,0,1.00,0,0,0,0
224.24,0,1.00,0,1.00,0,1.00,0,0,0,0
224.79,0,1.00,0,1.00,0,1.00,0,0,0,0
225.12,0,1.00,0,1.00,0,1.00,0,0,0,0
225.62,0,1.00,0,1.00,0,1.00,0,0,0,0
226.13,0,1.00,0,1.00,0,1.00,0,0,0,0
226.44,0,1.00,0,1.00,0,1.00,0,0,0,0
226.94,0,1.00,0,1.00,0,1.00,0,0,0,0
227.42,0,1.00,0,1.00,0,1.00,0,0,0,0
227.65,0,1.00,0,1.00,0,1.00,0,0,0,0
228.16,0,1.00,0,1.00,0,1.00,0,0,0,0
228.64,0,1.00,0,1.00,0,1.00,0,0,0,0
229.16,0,1.00,0,1.00,0,1.00,0,0,0,0
229.67,0,1.00,0,1.00,0,1.00,0,0,0,0
230.18,0,1.00,0,1.00,0,1.00,0,0,0,0
230.73,0,1.00,0,1.00,0,1.00,0,0,0,0
231.28,0,1.00,0,1.00,0,1.00,0,0,0,0
231.87,0,1.00,0,1.00,0,1.00,0,0,0,0
232.37,0,1.00,0,1.00,0,1.00,0,0,0,0
232.93,0,1.00,0,1.00,0,1.00,0,0,0,0
233.45,0,1.00,0,1.00,0,1.00,0,0,0,0
233.93,0,1.00,0,1.00,0,1.00,0,0,0,0
234.45,0,1.00,0,1.00,0,1.00,0,0,0,0
234.96,0,1.00,0,1.00,0,1.00,0,0,0,0
235.29,0,1.00,0,1.00,0,1.00,0,0,0,0
235.79,0,1.00,0,1.00,0,1.00,0,0,0,0
236.33,0,1.00,0,1.00,0,1.00,0,0,0,0
236.86,0,1.00,0,1.00,0,1.00,0,0,0,0
237.37,0,1.00,0,1.00,0,1.00,0,0,0,0
238.00,0,1.00,0,1.00,0,1.00,0,0,0,0
238.55,0,1.00,0,1.00,0,1.00,0,0,0,0
239.11,0,1.00,0,1.00,0,1.00,0,0,0,0
239.68,0,1.00,0,1.00,0,1.00,0,0,0,0
240.18,0,1.00,0,1.00,0,1.00,0,0,0,0
240.76,0,1.00,0,1.00,0,1.00,0,0,0,0
241.34,0,1.00,0,1.00,0,1.00,0,0,0,0
241.88,0,1.00,0,1.00,0,1.00,0,0,0,0
242.39,0,1.00,0,1.00,0,1.00,0,0,0,0
242.91,0,1.00,0,1.00,0,1.00,0,0,0,0
243.49,0,1.00,0,1.00,0,1.00,0,0,0,0
244.00,0,1.00,0,1.00,0,1.00,0,0,0,0
244.51,0,1.00,0,1.00,0,1.00,0,0,0,0
245.15,0,1.00,0,1.00,0,1.00,0,0,0,0
245.88,0,1.00,0,1.00,0,1.00,0,0,0,0
246.78,0,1.00,0,1.00,0,1.00,0,0,0,0
247.41,0,1.00,0,1.00,0,1.00,0,0,0,0
247.99,0,1.00,0,1.00,0,1.00,0,0,0,0
248.85,0,1.00,0,1.00,0,1.00,0,0,0,0
249.42,0,1.00,0,1.00,0,1.00,0,0,0,0
249.91,0,1.00,0,1.00,0,1.00,0,0,0,0
250.39,0,1.00,0,1.00,0,1.00,0,0,0,0
250.88,0,1.00,0,1.00,0,1.00,0,0,0,0
251.36,0,1.00,0,1.00,0,1.00,0,0,0,0
251.81,0,1.00,0,1.00,0,1.00,0,0,0,0
252.28,0,1.00,0,1.00,0,1.00,0,0,0,0
252.79,0,1.00,0,1.00,0,1.00,0,0,0,0
253.19,0,1.00,0,1.00,0,1.00,0,0,0,0
253.63,0,1.00,0,1.00,0,1.00,0,0,0,0
254.00,0,1.00,0,1.00,0,1.00,0,0,0,0
254.36,0,1.00,0,1.00,0,1.00,0,0,0,0
254.70,0,1.00,0,1.00,0,1.00,0,0,0,0
255.05,0,1.00,0,1.00,0,1.00,0,0,0,0
255.41,0,1.00,0,1.00,0,1.00,0,0,0,0
255.80,0,1.00,0,1.00,0,1.00,0,0,0,0
256.21,0,1.00,0,1.00,0,1.00,0,0,0,0
256.65,0,1.00,0,1.00,0,1.00,0,0,0,0
257.06,0,1.00,0,1.00,0,1.00,0,0,0,0
257.45,0,1.00,0,1.00,0,1.00,0,0,0,0
257.87,0,1.00,0,1.00,0,1.00,0,0,0,0
258.31,0,1.00,0,1.00,0,1.00,0,0,0,0
258.79,0,1.00,0,1.00,0,1.00,0,0,0,0
259.31,0,1.00,0,1.00,0,1.00,0,0,0,0
259.78,0,1.00,0,1.00,0,1.00,0,0,0,0
260.22,0,1.00,0,1.00,0,1.00,0,0,0,0
260.65,0,1.00,0,1.00,0,1.00,0,0,0,0
261.12,0,1.00,0,1.00,0,1.00,0,0,0,0
261.56,0,1.00,0,1.00,0,1.00,0,0,0,0
261.75,0,1.00,0,1.00,0,1.00,0,0,0,0
262.16,0,1.00,0,1.00,0,1.00,0,0,0,0
262.55,0,1.00,0,1.00,0,1.00,0,0,0,0
262.91,0,1.00,0,1.00,0,1.00,0,0,0,0
263.30,0,1.00,0,1.00,0,1.00,0,0,0,0
263.68,0,1.00,0,1.00,0,1.00,0,0,0,0
264.07,0,1.00,0,1.00,0,1.00,0,0,0,0
264.49,0,1.00,0,1.00,0,1.00,0,0,0,0
264.94,0,1.00,0,1.00,0,1.00,0,0,0,0
265.47,0,1.00,0,1.00,0,1.00,0,0,0,0
265.99,0,1.00,0,1.00,0,1.00,0,0,0,0
266.50,0,1.00,0,1.00,0,1.00,0,0,0,0
267.05,0,1.00,0,1.00,0,1.00,0,0,0,0
267.62,0,1.00,0,1.00,0,1.00,0,0,0,0
268.15,0,1.00,0,1.00,0,1.00,0,0,0,0
268.71,0,1.00,0,1.00,0,1.00,0,0,0,0
269.56,0,1.00,0,1.00,0,1.00,0,0,0,0
270.19,0,1.00,0,1.00,0,1.00,0,0,0,0
270.66,0,1.00,0,1.00,0,1.00,0,0,0,0
271.16,0,1.00,0,1.00,0,1.00,0,0,0,0
271.64,0,1.00,0,1.00,0,1.00,0,0,0,0
272.10,0,1.00,0,1.00,0,1.00,0,0,0,0
272.47,0,1.00,0,1.00,0,1.00,0,0,0,0
272.87,0,1.00,0,1.00,0,1.00,0,0,0,0
273.31,0,1.00,0,1.00,0,1.00,0,0,0,0
273.76,0,1.00,0,1.00,0,1.00,0,0,0,0
274.24,0,1.00,0,1.00,0,1.00,0,0,0,0
274.72,0,1.00,0,1.00,0,1.00,0,0,0,0
275.18,0,1.00,0,1.00,0,1.00,0,0,0,0
275.40,0,1.00,0,1.00,0,1.00,0,0,0,0
275.88,0,1.00,0,1.00,0,1.00,0,0,0,0
276.39,0,1.00,0,1.00,0,1.00,0,0,0,0
276.83,0,1.00,0,1.00,0,1.00,0,0,0,0
277.09,0,1.00,0,1.00,0,1.00,0,0,0,0
277.52,0,1.00,0,1.00,0,1.00,0,0,0,0
277.89,0,1.00,0,1.00,0,1.00,0,0,0,0
278.28,0,1.00,0,1.00,0,1.00,0,0,0,0
278.49,0,1.00,0,1.00,0,1.00,0,0,0,0
278.70,0,1.00,0,1.00,0,1.00,0,0,0,0
279.09,0,1.00,0,1.00,0,1.00,0,0,0,0
279.47,0,1.00,0,1.00,0,1.00,0,0,0,0
279.90,0,1.00,0,1.00,0,1.00,0,0,0,0
280.28,0,1.00,0,1.00,0,1.00,0,0,0,0
280.48,0,1.00,0,1.00,0,1.00,0,0,0,0
280.99,0,1.00,0,1.00,0,1.00,0,0,0,0
281.31,0,1.00,0,1.00,0,1.00,0,0,0,0
281.83,0,1.00,0,1.00,0,1.00,0,0,0,0
282.36,0,1.00,0,1.00,0,1.00,0,0,0,0
282.86,0,1.00,0,1.00,0,1.00,0,0,0,0
283.12,0,1.00,0,1.00,0,1.00,0,0,0,0
283.59,0,1.00,0,1.00,0,1.00,0,0,0,0
284.22,0,1.00,0,1.00,0,1.00,0,0,0,0
284.69,0,1.00,0,1.00,0,1.00,0,0,0,0
285.16,0,1.00,0,1.00,0,1.00,0,0,0,0
285.61,0,1.00,0,1.00,0,1.00,0,0,0,0
286.17,0,1.00,0,1.00,0,1.00,0,0,0,0
286.43,0,1.00,0,1.00,0,1.00,0,0,0,0
286.92,0,1.00,0,1.00,0,1.00,0,0,0,0
287.40,0,1.00,0,1.00,0,1.00,0,0,0,0
287.87,0,1.00,0,1.00,0,1.00,0,0,0,0
288.35,0,1.00,0,1.00,0,1.00,0,0,0,0
288.83,0,1.00,0,1.00,0,1.00,0,0,0,0
289.31,0,1.00,0,1.00,0,1.00,0,0,0,0
289.75,0,1.00,0,1.00,0,1.00,0,0,0,0
290.20,0,1.00,0,1.00,0,1.00,0,0,0,0
291.14,0,1.00,0,1.00,0,1.00,0,0,0,0
291.84,0,1.00,0,1.00,0,1.00,0,0,0,0
292.25,0,1.00,0,1.00,0,1.00,0,0,0,0
293.66,0,1.00,0,1.00,0,1.00,0,0,0,0
294.37,0,1.00,0,1.00,0,1.00,0,0,0,0
295.01,0,1.00,0,1.00,0,1.00,0,0,0,0
295.35,0,1.00,0,1.00,0,1.00,0,0,0,0
295.98,0,1.00,0,1.00,0,1.00,0,0,0,0
296.56,0,1.00,0,1.00,0,1.00,0,0,0,0
296.88,0,1.00,0,1.00,0,1.00,0,0,0,0
297.44,0,1.00,0,1.00,0,1.00,0,0,0,0
297.70,0,1.00,0,1.00,0,1.00,0,0,0,0
298.27,0,1.00,0,1.00,0,1.00,0,0,0,0
299.07,0,1.00,0,1.00,0,1.00,0,0,0,0
299.65,0,1.00,0,1.00,0,1.00,0,0,0,0
300.11,0,1.00,0,1.00,0,1.00,0,0,0,0
300.37,0,1.00,0,1.00,0,1.00,0,0,0,0
300.83,0,1.00,0,1.00,0,1.00,0,0,0,0
301.31,0,1.00,0,1.00,0,1.00,0,0,0,0
301.81,0,1.00,0,1.00,0,1.00,0,0,0,0
302.34,0,1.00,0,1.00,0,1.00,0,0,0,0
0.00,0,1.00,0,1.00,0,1.00,0,0,0,0
0.01,0,1.00,0,1.00,0,1.00,0,0,0,0
0.01,0,1.00,0,1.00,0,1.00,0,0,0,0
0.04,0,1.00,0,1.00,0,1.00,0,0,0,0
0.23,0,1.00,0,1.00,0,1.00,0,0,0,0
0.88,0,1.00,0,1.00,0,1.00,0,0,0,0
1.26,0,1.00,0,1.00,0,1.00,0,0,0,0
1.82,0,1.00,0,1.00,0,1.00,0,0,0,0
3.20,0,1.00,0,1.00,0,1.00,0,0,0,0
4.83,0,1.00,0,1.00,0,1.00,0,0,0,0
5.73,0,1.00,0,1.00,0,1.00,0,0,0,0
7.32,0,1.00,0,1.00,0,1.00,0,0,0,0
9.08,0,1.00,0,1.00,0,1.00,0,0,0,0
10.55,0,1.00,0,1.00,0,1.00,0,0,0,0
11.61,0,1.00,0,1.00,0,1.00,0,0,0,0
12.59,0,1.00,0,1.00,0,1.00,0,0,0,0
13.28,0,1.00,0,1.00,0,1.00,0,0,0,0
13.90,0,1.00,0,1.00,0,1.00,0,0,0,0
14.97,0,1.00,0,1.00,0,1.00,0,0,0,0
15.59,0,1.00,0,1.00,0,1.00,0,0,0,0
16.13,0,1.00,0,1.00,0,1.00,0,0,0,0
16.73,0,1.00,0,1.00,0,1.00,0,0,0,0
17.11,0,1.00,0,1.00,0,1.00,0,0,0,0
17.78,0,1.00,0,1.00,0,1.00,0,0,0,0
18.49,0,1.00,0,1.00,0,1.00,0,0,0,0
19.32,0,1.00,0,1.00,0,1.00,0,0,0,0
20.87,0,1.00,0,1.00,0,1.00,0,0,0,0
21.63,0,1.00,0,1.00,0,1.00,0,0,0,0
22.44,0,1.00,0,1.00,0,1.00,0,0,0,0
23.15,0,1.00,0,1.00,0,1.00,0,0,0,0
23.55,0,1.00,0,1.00,0,1.00,0,0,0,0
24.21,0,1.00,0,1.00,0,1.00,0,0,0,0
24.89,0,1.00,0,1.00,0,1.00,0,0,0,0
25.51,0,1.00,0,1.00,0,1.00,0,0,0,0
25.81,0,1.00,0,1.00,0,1.00,0,0,0,0
26.37,0,1.00,0,1.00,0,1.00,0,0,0,0
26.91,0,1.00,0,1.00,0,1.00,0,0,0,0
27.49,0,1.00,0,1.00,0,1.00,0,0,0,0
27.77,0,1.00,0,1.00,0,1.00,0,0,0,0
28.32,0,1.00,0,1.00,0,1.00,0,0,0,0
28.93,0,1.00,0,1.00,0,1.00,0,0,0,0
29.52,0,1.00,0,1.00,0,1.00,0,0,0,0
30.19,0,1.00,0,1.00,0,1.00,0,0,0,0
30.80,0,1.00,0,1.00,0,1.00,0,0,0,0
31.39,0,1.00,0,1.00,0,1.00,0,0,0,0
32.01,0,1.00,0,1.00,0,1.00,0,0,0,0
32.58,0,1.00,0,1.00,0,1.00,0,0,0,0
32.87,0,1.00,0,1.00,0,1.00,0,0,0,0
33.45,0,1.00,0,1.00,0,1.00,0,0,0,0
33.76,0,1.00,0,1.00,0,1.00,0,0,0,0
34.77,0,1.00,0,1.00,0,1.00,0,0,0,0
35.44,0,1.00,0,1.00,0,1.00,0,0,0,0
36.08,0,1.00,0,1.00,0,1.00,0,0,0,0
36.69,0,1.00,0,1.00,0,1.00,0,0,0,0
37.36,0,1.00,0,1.00,0,1.00,0,0,0,0
37.89,0,1.00,0,1.00,0,1.00,0,0,0,0
38.47,0,1.00,0,1.00,0,1.00,0,0,0,0
39.01,0,1.00,0,1.00,0,1.00,0,0,0,0
39.94,0,1.00,0,1.00,0,1.00,0,0,0,0
40.13,0,1.00,0,1.00,0,1.00,0,0,0,0
40.66,0,1.00,0,1.00,0,1.00,0,0,0,0
41.11,0,1.00,0,1.00,0,1.00,0,0,0,0
41.56,0,1.00,0,1.00,0,1.00,0,0,0,0
41.84,0,1.00,0,1.00,0,1.00,0,0,0,0
42.29,0,1.00,0,1.00,0,1.00,0,0,0,0
42.57,0,1.00,0,1.00,0,1.00,0,0,0,0
43.22,0,1.00,0,1.00,0,1.00,0,0,0,0
43.77,0,1.00,0,1.00,0,1.00,0,0,0,0
45.19,0,1.00,0,1.00,0,1.00,0,0,0,0
45.92,0,1.00,0,1.00,0,1.00,0,0,0,0
46.79,0,1.00,0,1.00,0,1.00,0,0,0,0
47.34,0,1.00,0,1.00,0,1.00,0,0,0,0
47.90,0,1.00,0,1.00,0,1.00,0,0,0,0
48.47,0,1.00,0,1.00,0,1.00,0,0,0,0
48.72,0,1.00,0,1.00,0,1.00,0,0,0,0
49.31,0,1.00,0,1.00,0,1.00,0,0,0,0
49.80,0,1.00,0,1.00,0,1.00,0,0,0,0
50.09,0,1.00,0,1.00,0,1.00,0,0,0,0
50.41,0,1.00,0,1.00,0,1.00,0,0,0,0
51.26,0,1.00,0,1.00,0,1.00,0,0,0,0
51.89,0,1.00,0,1.00,0,1.00,0,0,0,0
53.17,0,1.00,0,1.00,0,1.00,0,0,0,0
53.71,0,1.00,0,1.00,0,1.00,0,0,0,0
54.47,0,1.00,0,1.00,0,1.00,0,0,0,0
55.18,0,1.00,0,1.00,0,1.00,0,0,0,0
55.99,0,1.00,0,1.00,0,1.00,0,0,0,0
56.88,0,1.00,0,1.00,0,1.00,0,0,0,0
57.74,0,1.00,0,1.00,0,1.00,0,0,0,0
58.59,0,1.00,0,1.00,0,1.00,0,0,0,0
59.10,0,1.00,0,1.00,0,1.00,0,0,0,0
60.34,0,1.00,0,1.00,0,1.00,0,0,0,0
61.20,0,1.00,0,1.00,0,1.00,0,0,0,0
61.83,0,1.00,0,1.00,0,1.00,0,0,0,0
62.63,0,1.00,0,1.00,0,1.00,0,0,0,0
63.53,0,1.00,0,1.00,0,1.00,0,0,0,0
64.55,0,1.00,0,1.00,0,1.00,0,0,0,0
65.67,0,1.00,0,1.00,0,1.00,0,0,0,0
67.04,0,1.00,0,1.00,0,1.00,0,0,0,0
68.72,0,1.00,0,1.00,0,1.00,0,0,0,0
69.89,0,1.00,0,1.00,0,1.00,0,0,0,0
71.34,0,1.00,0,1.00,0,1.00,0,0,0,0
72.22,0,1.00,0,1.00,0,1.00,0,0,0,0
72.82,0,1.00,0,1.00,0,1.00,0,0,0,0
73.53,0,1.00,0,1.00,0,1.00,0,0,0,0
74.23,0,1.00,0,1.00,0,1.00,0,0,0,0
75.17,0,1.00,0,1.00,0,1.00,0,0,0,0
75.75,0,1.00,0,1.00,0,1.00,0,0,0,0
76.43,0,1.00,0,1.00,0,1.00,0,0,0,0
77.40,0,1.00,0,1.00,0,1.00,0,0,0,0
78.43,0,1.00,0,1.00,0,1.00,0,0,0,0
79.22,0,1.00,0,1.00,0,1.00,0,0,0,0
80.11,0,1.00,0,1.00,0,1.00,0,0,0,0
81.38,0,1.00,0,1.00,0,1.00,0,0,0,0
82.58,0,1.00,0,1.00,0,1.00,0,0,0,0
83.56,0,1.00,0,1.00,0,1.00,0,0,0,0
84.44,0,1.00,0,1.00,0,1.00,0,0,0,0
85.17,0,1.00,0,1.00,0,1.00,0,0,0,0
86.26,0,1.00,0,1.00,0,1.00,0,0,0,0
86.87,0,1.00,0,1.00,0,1.00,0,0,0,0
88.09,0,1.00,0,1.00,0,1.00,0,0,0,0
88.75,0,1.00,0,1.00,0,1.00,0,0,0,0
90.61,0,1.00,0,1.00,0,1.00,0,0,0,0
92.01,0,1.00,0,1.00,0,1.00,0,0,0,0
95.05,0,1.00,0,1.00,0,1.00,0,0,0,0
96.46,0,1.00,0,1.00,0,1.00,0,0,0,0
97.70,0,1.00,0,1.00,0,1.00,0,0,0,0
98.80,0,1.00,0,1.00,0,1.00,0,0,0,0
99.66,0,1.00,0,1.00,0,1.00,0,0,0,0
100.50,0,1.00,0,1.00,0,1.00,0,0,0,0
101.49,0,1.00,0,1.00,0,1.00,0,0,0,0
102.56,0,1.00,0,1.00,0,1.00,0,0,0,0
103.61,0,1.00,0,1.00,0,1.00,0,0,0,0
104.46,0,1.00,0,1.00,0,1.00,0,0,0,0
105.99,0,1.00,0,1.00,0,1.00,0,0,0,0
106.83,0,1.00,0,1.00,0,1.00,0,0,0,0
107.35,0,1.00,0,1.00,0,1.00,0,0,0,0
108.67,0,1.00,0,1.00,0,1.00,0,0,0,0
110.11,0,1.00,0,1.00,0,1.00,0,0,0,0
111.28,0,1.00,0,1.00,0,1.00,0,0,0,0
111.89,0,1.00,0,1.00,0,1.00,0,0,0,0
112.67,0,1.00,0,1.00,0,1.00,0,0,0,0
114.58,0,1.00,0,1.00,0,1.00,0,0,0,0
115.65,0,1.00,0,1.00,0,1.00,0,0,0,0
118.32,0,1.00,0,1.00,0,1.00,0,0,0,0
119.91,0,1.00,0,1.00,0,1.00,0,0,0,0
121.88,0,1.00,0,1.00,0,1.00,0,0,0,0
122.73,0,1.00,0,1.00,0,1.00,0,0,0,0
123.40,0,1.00,0,1.00,0,1.00,0,0,0,0
124.13,0,1.00,0,1.00,0,1.00,0,0,0,0
125.06,0,1.00,0,1.00,0,1.00,0,0,0,0
125.58,0,1.00,0,1.00,0,1.00,0,0,0,0
126.30,0,1.00,0,1.00,0,1.00,0,0,0,0
127.57,0,1.00,0,1.00,0,1.00,0,0,0,0
128.54,0,1.00,0,1.00,0,1.00,0,0,0,0
129.45,0,1.00,0,1.00,0,1.00,0,0,0,0
130.70,0,1.00,0,1.00,0,1.00,0,0,0,0
131.86,0,1.00,0,1.00,0,1.00,0,0,0,0
133.23,0,1.00,0,1.00,0,1.00,0,0,0,0
133.94,0,1.00,0,1.00,0,1.00,0,0,0,0
134.67,0,1.00,0,1.00,0,1.00,0,0,0,0
135.76,0,1.00,0,1.00,0,1.00,0,0,0,0
136.55,0,1.00,0,1.00,0,1.00,0,0,0,0
137.44,0,1.00,0,1.00,0,1.00,0,0,0,0
138.22,0,1.00,0,1.00,0,1.00,0,0,0,0
138.91,0,1.00,0,1.00,0,1.00,0,0,0,0
139.82,0,1.00,0,1.00,0,1.00,0,0,0,0
140.75,0,1.00,0,1.00,0,1.00,0,0,0,0
143.23,0,1.00,0,1.00,0,1.00,0,0,0,0
144.59,0,1.00,0,1.00,0,1.00,0,0,0,0
145.60,0,1.00,0,1.00,0,1.00,0,0,0,0
146.74,0,1.00,0,1.00,0,1.00,0,0,0,0
147.50,0,1.00,0,1.00,0,1.00,0,0,0,0
148.27,0,1.00,0,1.00,0,1.00,0,0,0,0
149.36,0,1.00,0,1.00,0,1.00,0,0,0,0
150.33,0,1.00,0,1.00,0,1.00,0,0,0,0
151.25,0,1.00,0,1.00,0,1.00,0,0,0,0
151.88,0,1.00,0,1.00,0,1.00,0,0,0,0
152.50,0,1.00,0,1.00,0,1.00,0,0,0,0
153.49,0,1.00,0,1.00,0,1.00,0,0,0,0
154.78,0,1.00,0,1.00,0,1.00,0,0,0,0
155.69,0,1.00,0,1.00,0,1.00,0,0,0,0
156.97,0,1.00,0,1.00,0,1.00,0,0,0,0
157.76,0,1.00,0,1.00,0,1.00,0,0,0,0
158.89,0,1.00,0,1.00,0,1.00,0,0,0,0
159.93,0,1.00,0,1.00,0,1.00,0,0,0,0
160.09,0,1.00,0,1.00,0,1.00,0,0,0,0
160.09,0,1.00,0,1.00,0,1.00,0,0,0,0
160.10,0,1.00,0,1.00,0,1.00,0,0,0,0
160.10,0,1.00,0,1.00,0,1.00,0,0,0,0
160.10,0,1.00,0,1.00,0,1.00,0,0,0,0
160.10,0,1.00,0,1.00,0,1.00,0,0,0,0
160.10,0,1.00,0,1.00,0,1.00,0,0,0,0
160.10,0,1.00,0,1.00,0,1.00,0,0,0,0
160.10,0,1.00,0,1.00,0,1.00,0,0,0,0
160.10,0,1.00,0,1.00,0,1.00,0,0,0,0
160.10,0,1.00,0,1.00,0,1.00,0,0,0,0
160.10,0,1.00,0,1.00,0,1.00,0,0,0,0
160.10,0,1.00,0,1.00,0,1.00,0,0,0,0
160.10,0,1.00,0,1.00,0,1.00,0,0,0,0
160.10,0,1.00,0,1.00,0,1.00,0,0,0,0
160.10,0,1.00,0,1.00,0,1.00,0,0,0,0
160.10,0,1.00,0,1.00,0,1.00,0,0,0,0
160.10,0,1.00,0,1.00,0,1.00,0,0,0,0
160.10,0,1.00,0,1.00,0,1.00,0,0,0,0
160.10,0,1.00,0,1.00,0,1.00,0,0,0,0
160.10,0,1.00,0,1.00,0,1.00,0,0,0,0
160.10,0,1.00,0,1.00,0,1.00,0,0,0,0
160.10,0,1.00,0,1.00,0,1.00,0,0,0,0
160.10,0,1.00,0,1.00,0,1.00,0,0,0,0
160.10,0,1.00,0,1.00,0,1.00,0,0,0,0
160.10,0,1.00,0,1.00,0,1.00,0,0,0,0
160.10,0,1.00,0,1.00,0,1.00,0,0,0,0
160.10,0,1.00,0,1.00,0,1.00,0,0,0,0
160.10,0,1.00,0,1.00,0,1.00,0,0,0,0
160.10,0,1.00,0,1.00,0,1.00,0,0,0,0
160.10,0,1.00,0,1.00,0,1.00,0,0,0,0
160.10,0,1.00,0,1.00,0,1.00,0,0,0,0
160.10,0,1.00,0,1.00,0,1.00,0,0,0,0
160.10,0,1.00,0,1.00,0,1.00,0,0,0,0
160.10,0,1.00,0,1.00,0,1.00,0,0,0,0
160.10,0,1.00,0,1.00,0,1.00,0,0,0,0
160.10,0,1.00,0,1.00,0,1.00,0,0,0,0
160.10,0,1.00,0,1.00,0,1.00,0,0,0,0
160.10,0,1.00,0,1.00,0,1.00,0,0,0,0
160.10,0,1.00,0,1.00,0,1.00,0,0,0,0
160.10,0,1.00,0,1.00,0,1.00,0,0,0,0
160.10,0,1.00,0,1.00,0,1.00,0,0,0,0
160.10,0,1.00,0,1.00,0,1.00,0,0,0,0
160.10,0,1.00,0,1.00,0,1.00,0,0,0,0
160.10,0,1.00,0,1.00,0,1.00,0,0,0,0
160.10,0,1.00,0,1.00,0,1.00,0,0,0,0
160.10,0,1.00,0,1.00,0,1.00,0,0,0,0
160.10,0,1.00,0,1.00,0,1.00,0,0,0,0
160.10,0,1.00,0,1.00,0,1.00,0,0,0,0
160.10,0,1.00,0,1.00,0,1.00,0,0,0,0
160.10,0,1.00,0,1.00,0,1.00,0,0,0,0
160.10,0,1.00,0,1.00,0,1.00,0,0,0,0
160.10,0,1.00,0,1.00,0,1.00,0,0,0,0
160.10,0,1.00,0,1.00,0,1.00,0,0,0,0
160.10,0,1.00,0,1.00,0,1.00,0,0,0,0
160.10,0,1.00,0,1.00,0,1.00,0,0,0,0
160.10,0,1.00,0,1.00,0,1.00,0,0,0,0
160.10,0,1.00,0,1.00,0,1.00,0,0,0,0
160.10,0,1.00,0,1.00,0,1.00,0,0,0,0
160.10,0,1.00,0,1.00,0,1.00,0,0,0,0
160.10,0,1.00,0,1.00,0,1.00,0,0,0,0
160.10,0,1.00,0,1.00,0,1.00,0,0,0,0
160.10,0,1.00,0,1.00,0,1.00,0,0,0,0
160.10,0,1.00,0,1.00,0,1.00,0,0,0,0
160.10,0,1.00,0,1.00,0,1.00,0,0,0,0
160.10,0,1.00,0,1.00,0,1.00,0,0,0,0
160.10,0,1.00,0,1.00,0,1.00,0,0,0,0
160.10,0,1.00,0,1.00,0,1.00,0,0,0,0
160.10,0,1.00,0,1.00,0,1.00,0,0,0,0
160.10,0,1.00,0,1.00,0,1.00,0,0,0,0
160.10,0,1.00,0,1.00,0,1.00,0,0,0,0
160.10,0,1.00,0,1.00,0,1.00,0,0,0,0
160.10,0,1.00,0,1.00,0,1.00,0,0,0,0
160.10,0,1.00,0,1.00,0,1.00,0,0,0,0
160.10,0,1.00,0,1.00,0,1.00,0,0,0,0
160.10,0,1.00,0,1.00,0,1.00,0,0,0,0
160.10,0,1.00,0,1.00,0,1.00,0,0,0,0
160.10,0,1.00,0,1.00,0,1.00,0,0,0,0
160.10,0,1.00,0,1.00,0,1.00,0,0,0,0
160.10,0,1.00,0,1.00,0,1.00,0,0,0,0
160.10,0,1.00,0,1.00,0,1.00,0,0,0,0
160.10,0,1.00,0,1.00,0,1.00,0,0,0,0
160.10,0,1.00,0,1.00,0,1.00,0,0,0,0
160.10,0,1.00,0,1.00,0,1.00,0,0,0,0
160.10,0,1.00,0,1.00,0,1.00,0,0,0,0
160.10,0,1.00,0,1.00,0,1.00,0,0,0,0
160.10,0,1.00,0,1.00,0,1.00,0,0,0,0
160.10,0,1.00,0,1.00,0,1.00,0,0,0,0
160.10,0,1.00,0,1.00,0,1.00,0,0,0,0
160.10,0,1.00,0,1.00,0,1.00,0,0,0,0
160.10,0,1.00,0,1.00,0,1.00,0,0,0,0
160.10,0,1.00,0,1.00,0,1.00,0,0,0,0
160.10,0,1.00,0,1.00,0,1.00,0,0,0,0
160.10,0,1.00,0,1.00,0,1.00,0,0,0,0
160.10,0,1.00,0,1.00,0,1.00,0,0,0,0
160.10,0,1.00,0,1.00,0,1.00,0,0,0,0
160.10,0,1.00,0,1.00,0,1.00,0,0,0,0
160.10,0,1.00,0,1.00,0,1.00,0,0,0,0
160.10,0,1.00,0,1.00,0,1.00,0,0,0,0
160.10,0,1.00,0,1.00,0,1.00,0,0,0,0
160.10,0,1.00,0,1.00,0,1.00,0,0,0,0
160.10,0,1.00,0,1.00,0,1.00,0,0,0,0
160.10,0,1.00,0,1.00,0,1.00,0,0,0,0
160.10,0,1.00,0,1.00,0,1.00,0,0,0,0
160.10,0,1.00,0,1.00,0,1.00,0,0,0,0
160.10,0,1.00,0,1.00,0,1.00,0,0,0,0
160.10,0,1.00,0,1.00,0,1.00,0,0,0,0
160.10,0,1.00,0,1.00,0,1.00,0,0,0,0
160.10,0,1.00,0,1.00,0,1.00,0,0,0,0
160.10,0,1.00,0,1.00,0,1.00,0,0,0,0
160.10,0,1.00,0,1.00,0,1.00,0,0,0,0
160.10,0,1.00,0,1.00,0,1.00,0,0,0,0
160.10,0,1.00,0,1.00,0,1.00,0,0,0,0
160.10,0,1.00,0,1.00,0,1.00,0,0,0,0
160.10,0,1.00,0,1.00,0,1.00,0,0,0,0
160.10,0,1.00,0,1.00,0,1.00,0,0,0,0
160.10,0,1.00,0,1.00,0,1.00,0,0,0,0
160.10,0,1.00,0,1.00,0,1.00,0,0,0,0
160.10,0,1.00,0,1.00,0,1.00,0,0,0,0
160.10,0,1.00,0,1.00,0,1.00,0,0,0,0
160.10,0,1.00,0,1.00,0,1.00,0,0,0,0
160.10,0,1.00,0,1.00,0,1.00,0,0,0,0
160.10,0,1.00,0,1.00,0,1.00,0,0,0,0
160.10,0,1.00,0,1.00,0,1.00,0,0,0,0
160.10,0,1.00,0,1.00,0,1.00,0,0,0,0
160.10,0,1.00,0,1.00,0,1.00,0,0,0,0
160.10,0,1.00,0,1.00,0,1.00,0,0,0,0
160.10,0,1.00,0,1.00,0,1.00,0,0,0,0
160.10,0,1.00,0,1.00,0,1.00,0,0,0,0
160.10,0,1.00,0,1.00,0,1.00,0,0,0,0
160.10,0,1.00,0,1.00,0,1.00,0,0,0,0
160.10,0,1.00,0,1.00,0,1.00,0,0,0,0
160.10,0,1.00,0,1.00,0,1.00,0,0,0,0
160.10,0,1.00,0,1.00,0,1.00,0,0,0,0
160.10,0,1.00,0,1.00,0,1.00,0,0,0,0
160.10,0,1.00,0,1.00,0,1.00,0,0,0,0
160.10,0,1.00,0,1.00,0,1.00,0,0,0,0
160.10,0,1.00,0,1.00,0,1.00,0,0,0,0
160.10,0,1.00,0,1.00,0,1.00,0,0,0,0
160.10,0,1.00,0,1.00,0,1.00,0,0,0,0
160.10,0,1.00,0,1.00,0,1.00,0,0,0,0
160.10,0,1.00,0,1.00,0,1.00,0,0,0,0
160.10,0,1.00,0,1.00,0,1.00,0,0,0,0
160.10,0,1.00,0,1.00,0,1.00,0,0,0,0
160.10,0,1.00,0,1.00,0,1.00,0,0,0,0
160.10,0,1.00,0,1.00,0,1.00,0,0,0,0
160.10,0,1.00,0,1.00,0,1.00,0,0,0,0
160.10,0,1.00,0,1.00,0,1.00,0,0,0,0
160.10,0,1.00,0,1.00,0,1.00,0,0,0,0
160.10,0,1.00,0,1.00,0,1.00,0,0,0,0
160.10,0,1.00,0,1.00,0,1.00,0,0,0,0
160.10,0,1.00,0,1.00,0,1.00,0,0,0,0
160.10,0,1.00,0,1.00,0,1.00,0,0,0,0
160.10,0,1.00,0,1.00,0,1.00,0,0,0,0
160.10,0,1.00,0,1.00,0,1.00,0,0,0,0
160.10,0,1.00,0,1.00,0,1.00,0,0,0,0
160.10,0,1.00,0,1.00,0,1.00,0,0,0,0
160.10,0,1.00,0,1.00,0,1.00,0,0,0,0
160.10,0,1.00,0,1.00,0,1.00,0,0,0,0
160.10,0,1.00,0,1.00,0,1.00,0,0,0,0
160.10,0,1.00,0,1.00,0,1.00,0,0,0,0
160.10,0,1.00,0,1.00,0,1.00,0,0,0,0
160.10,0,1.00,0,1.00,0,1.00,0,0,0,0
160.10,0,1.00,0,1.00,0,1.00,0,0,0,0
160.10,0,1.00,0,1.00,0,1.00,0,0,0,0
160.10,0,1.00,0,1.00,0,1.00,0,0,0,0
160.10,0,1.00,0,1.00,0,1.00,0,0,0,0
160.10,0,1.00,0,1.00,0,1.00,0,0,0,0
160.10,0,1.00,0,1.00,0,1.00,0,0,0,0
160.10,0,1.00,0,1.00,0,1.00,0,0,0,0
160.10,0,1.00,0,1.00,0,1.00,0,0,0,0
160.10,0,1.00,0,1.00,0,1.00,0,0,0,0
160.10,0,1.00,0,1.00,0,1.00,0,0,0,0
160.10,0,1.00,0,1.00,0,1.00,0,0,0,0
160.10,0,1.00,0,1.00,0,1.00,0,0,0,0
160.10,0,1.00,0,1.00,0,1.00,0,0,0,0
160.10,0,1.00,0,1.00,0,1.00,0,0,0,0
160.10,0,1.00,0,1.00,0,1.00,0,0,0,0
160.10,0,1.00,0,1.00,0,1.00,0,0,0,0
160.10,0,1.00,0,1.00,0,1.00,0,0,0,0
160.10,0,1.00,0,1.00,0,1.00,0,0,0,0
160.10,0,1.00,0,1.00,0,1.00,0,0,0,0
160.10,0,1.00,0,1.00,0,1.00,0,0,0,0
160.10,0,1.00,0,1.00,0,1.00,0,0,0,0
160.10,0,1.00,0,1.00,0,1.00,0,0,0,0
160.10,0,1.00,0,1.00,0,1.00,0,0,0,0
160.10,0,1.00,0,1.00,0,1.00,0,0,0,0
160.10,0,1.00,0,1.00,0,1.00,0,0,0,0
160.10,0,1.00,0,1.00,0,1.00,0,0,0,0
160.10,0,1.00,0,1.00,0,1.00,0,0,0,0
160.10,0,1.00,0,1.00,0,1.00,0,0,0,0
160.10,0,1.00,0,1.00,0,1.00,0,0,0,0
160.10,0,1.00,0,1.00,0,1.00,0,0,0,0
160.10,0,1.00,0,1.00,0,1.00,0,0,0,0
160.10,0,1.00,0,1.00,0,1.00,0,0,0,0
160.10,0,1.00,0,1.00,0,1.00,0,0,0,0
160.10,0,1.00,0,1.00,0,1.00,0,0,0,0
160.10,0,1.00,0,1.00,0,1.00,0,0,0,0
160.10,0,1.00,0,1.00,0,1.00,0,0,0,0
160.10,0,1.00,0,1.00,0,1.00,0,0,0,0
160.10,0,1.00,0,1.00,0,1.00,0,0,0,0
160.10,0,1.00,0,1.00,0,1.00,0,0,0,0
160.10,0,1.00,0,1.00,0,1.00,0,0,0,0
160.10,0,1.00,0,1.00,0,1.00,0,0,0,0
160.10,0,1.00,0,1.00,0,1.00,0,0,0,0
160.10,0,1.00,0,1.00,0,1.00,0,0,0,0
160.10,0,1.00,0,1.00,0,1.00,0,0,0,0
160.10,0,1.00,0,1.00,0,1.00,0,0,0,0
160.10,0,1.00,0,1.00,0,1.00,0,0,0,0
160.10,0,1.00,0,1.00,0,1.00,0,0,0,0
160.10,0,1.00,0,1.00,0,1.00,0,0,0,0
160.10,0,1.00,0,1.00,0,1.00,0,0,0,0
160.10,0,1.00,0,1.00,0,1.00,0,0,0,0
160.10,0,1.00,0,1.00,0,1.00,0,0,0,0
160.10,0,1.00,0,1.00,0,1.00,0,0,0,0
160.10,0,1.00,0,1.00,0,1.00,0,0,0,0
160.10,0,1.00,0,1.00,0,1.00,0,0,0,0
160.10,0,1.00,0,1.00,0,1.00,0,0,0,0
160.10,0,1.00,0,1.00,0,1.00,0,0,0,0
160.10,0,1.00,0,1.00,0,1.00,0,0,0,0
160.10,0,1.00,0,1.00,0,1.00,0,0,0,0
160.10,0,1.00,0,1.00,0,1.00,0,0,0,0
160.10,0,1.00,0,1.00,0,1.00,0,0,0,0
160.10,0,1.00,0,1.00,0,1.00,0,0,0,0
160.10,0,1.00,0,1.00,0,1.00,0,0,0,0
160.10,0,1.00,0,1.00,0,1.00,0,0,0,0
160.10,0,1.00,0,1.00,0,1.00,0,0,0,0
160.10,0,1.00,0,1.00,0,1.00,0,0,0,0
160.10,0,1.00,0,1.00,0,1.00,0,0,0,0
160.10,0,1.00,0,1.00,0,1.00,0,0,0,0
160.10,0,1.00,0,1.00,0,1.00,0,0,0,0
160.10,0,1.00,0,1.00,0,1.00,0,0,0,0
160.10,0,1.00,0,1.00,0,1.00,0,0,0,0
160.10,0,1.00,0,1.00,0,1.00,0,0,0,0
160.10,0,1.00,0,1.00,0,1.00,0,0,0,0
160.10,0,1.00,0,1.00,0,1.00,0,0,0,0
160.10,0,1.00,0,1.00,0,1.00,0,0,0,0
160.10,0,1.00,0,1.00,0,1.00,0,0,0,0
160.10,0,1.00,0,1.00,0,1.00,0,0,0,0
160.10,0,1.00,0,1.00,0,1.00,0,0,0,0
160.10,0,1.00,0,1.00,0,1.00,0,0,0,0
160.10,0,1.00,0,1.00,0,1.00,0,0,0,0
160.10,0,1.00,0,1.00,0,1.00,0,0,0,0
160.10,0,1.00,0,1.00,0,1.00,0,0,0,0
160.10,0,1.00,0,1.00,0,1.00,0,0,0,0
160.10,0,1.00,0,1.00,0,1.00,0,0,0,0
160.10,0,1.00,0,1.00,0,1.00,0,0,0,0
160.10,0,1.00,0,1.00,0,1.00,0,0,0,0
160.10,0,1.00,0,1.00,0,1.00,0,0,0,0
160.10,0,1.00,0,1.00,0,1.00,0,0,0,0
160.10,0,1.00,0,1.00,0,1.00,0,0,0,0
160.10,0,1.00,0,1.00,0,1.00,0,0,0,0
160.10,0,1.00,0,1.00,0,1.00,0,0,0,0
160.10,0,1.00,0,1.00,0,1.00,0,0,0,0
160.10,0,1.00,0,1.00,0,1.00,0,0,0,0
160.10,0,1.00,0,1.00,0,1.00,0,0,0,0
160.10,0,1.00,0,1.00,0,1.00,0,0,0,0
160.10,0,1.00,0,1.00,0,1.00,0,0,0,0
160.10,0,1.00,0,1.00,0,1.00,0,0,0,0
160.10,0,1.00,0,1.00,0,1.00,0,0,0,0
160.10,0,1.00,0,1.00,0,1.00,0,0,0,0
160.10,0,1.00,0,1.00,0,1.00,0,0,0,0
160.10,0,1.00,0,1.00,0,1.00,0,0,0,0
160.10,0,1.00,0,1.00,0,1.00,0,0,0,0
160.10,0,1.00,0,1.00,0,1.00,0,0,0,0
160.10,0,1.00,0,1.00,0,1.00,0,0,0,0
160.10,0,1.00,0,1.00,0,1.00,0,0,0,0
160.10,0,1.00,0,1.00,0,1.00,0,0,0,0
160.10,0,1.00,0,1.00,0,1.00,0,0,0,0
160.10,0,1.00,0,1.00,0,1.00,0,0,0,0
160.10,0,1.00,0,1.00,0,1.00,0,0,0,0
160.10,0,1.00,0,1.00,0,1.00,0,0,0,0
160.10,0,1.00,0,1.00,0,1.00,0,0,0,0
160.10,0,1.00,0,1.00,0,1.00,0,0,0,0
160.10,0,1.00,0,1.00,0,1.00,0,0,0,0
160.10,0,1.00,0,1.00,0,1.00,0,0,0,0
160.10,0,1.00,0,1.00,0,1.00,0,0,0,0
160.10,0,1.00,0,1.00,0,1.00,0,0,0,0
160.10,0,1.00,0,1.00,0,1.00,0,0,0,0
160.10,0,1.00,0,1.00,0,1.00,0,0,0,0
160.10,0,1.00,0,1.00,0,1.00,0,0,0,0
160.10,0,1.00,0,1.00,0,1.00,0,0,0,0
160.10,0,1.00,0,1.00,0,1.00,0,0,0,0
160.10,0,1.00,0,1.00,0,1.00,0,0,0,0
160.10,0,1.00,0,1.00,0,1.00,0,0,0,0
160.10,0,1.00,0,1.00,0,1.00,0,0,0,0
160.10,0,1.00,0,1.00,0,1.00,0,0,0,0
160.10,0,1.00,0,1.00,0,1.00,0,0,0,0
160.10,0,1.00,0,1.00,0,1.00,0,0,0,0
160.10,0,1.00,0,1.00,0,1.00,0,0,0,0
160.10,0,1.00,0,1.00,0,1.00,0,0,0,0
160.10,0,1.00,0,1.00,0,1.00,0,0,0,0
160.10,0,1.00,0,1.00,0,1.00,0,0,0,0
160.10,0,1.00,0,1.00,0,1.00,0,0,0,0
160.10,0,1.00,0,1.00,0,1.00,0,0,0,0
160.10,0,1.00,0,1.00,0,1.00,0,0,0,0
160.10,0,1.00,0,1.00,0,1.00,0,0,0,0
160.10,0,1.00,0,1.00,0,1.00,0,0,0,0
160.10,0,1.00,0,1.00,0,1.00,0,0,0,0
160.10,0,1.00,0,1.00,0,1.00,0,0,0,0
160.10,0,1.00,0,1.00,0,1.00,0,0,0,0
160.10,0,1.00,0,1.00,0,1.00,0,0,0,0
160.10,0,1.00,0,1.00,0,1.00,0,0,0,0
160.10,0,1.00,0,1.00,0,1.00,0,0,0,0
160.10,0,1.00,0,1.00,0,1.00,0,0,0,0
160.10,0,1.00,0,1.00,0,1.00,0,0,0,0
160.10,0,1.00,0,1.00,0,1.00,0,0,0,0
160.10,0,1.00,0,1.00,0,1.00,0,0,0,0
160.10,0,1.00,0,1.00,0,1.00,0,0,0,0
160.10,0,1.00,0,1.00,0,1.00,0,0,0,0
160.10,0,1.00,0,1.00,0,1.00,0,0,0,0
160.10,0,1.00,0,1.00,0,1.00,0,0,0,0
160.10,0,1.00,0,1.00,0,1.00,0,0,0,0
160.10,0,1.00,0,1.00,0,1.00,0,0,0,0
160.10,0,1.00,0,1.00,0,1.00,0,0,0,0
160.10,0,1.00,0,1.00,0,1.00,0,0,0,0
160.10,0,1.00,0,1.00,0,1.00,0,0,0,0
160.10,0,1.00,0,1.00,0,1.00,0,0,0,0
160.10,0,1.00,0,1.00,0,1.00,0,0,0,0
160.10,0,1.00,0,1.00,0,1.00,0,0,0,0
160.10,0,1.00,0,1.00,0,1.00,0,0,0,0
160.10,0,1.00,0,1.00,0,1.00,0,0,0,0
160.10,0,1.00,0,1.00,0,1.00,0,0,0,0
160.10,0,1.00,0,1.00,0,1.00,0,0,0,0
160.10,0,1.00,0,1.00,0,1.00,0,0,0,0
160.10,0,1.00,0,1.00,0,1.00,0,0,0,0
160.10,0,1.00,0,1.00,0,1.00,0,0,0,0
160.10,0,1.00,0,1.00,0,1.00,0,0,0,0
160.10,0,1.00,0,1.00,0,1.00,0,0,0,0
160.10,0,1.00,0,1.00,0,1.00,0,0,0,0
160.10,0,1.00,0,1.00,0,1.00,0,0,0,0
160.10,0,1.00,0,1.00,0,1.00,0,0,0,0
160.10,0,1.00,0,1.00,0,1.00,0,0,0,0
160.10,0,1.00,0,1.00,0,1.00,0,0,0,0
160.10,0,1.00,0,1.00,0,1.00,0,0,0,0
160.10,0,1.00,0,1.00,0,1.00,0,0,0,0
160.10,0,1.00,0,1.00,0,1.00,0,0,0,0
160.10,0,1.00,0,1.00,0,1.00,0,0,0,0
160.10,0,1.00,0,1.00,0,1.00,0,0,0,0
160.10,0,1.00,0,1.00,0,1.00,0,0,0,0
160.10,0,1.00,0,1.00,0,1.00,0,0,0,0
160.10,0,1.00,0,1.00,0,1.00,0,0,0,0
160.10,0,1.00,0,1.00,0,1.00,0,0,0,0
160.10,0,1.00,0,1.00,0,1.00,0,0,0,0
0.00,0,1.00,0,1.00,0,1.00,0,0,0,0
0.21,0,1.00,0,1.00,0,1.00,0,0,0,0
0.30,0,1.00,0,1.00,0,1.00,0,0,0,0
0.32,0,1.00,0,1.00,0,1.00,0,0,0,0
0.32,0,1.00,0,1.00,0,1.00,0,0,0,0
0.33,0,1.00,0,1.00,0,1.00,0,0,0,0
0.34,0,1.00,0,1.00,0,1.00,0,0,0,0
0.35,0,1.00,0,1.00,0,1.00,0,0,0,0
0.36,0,1.00,0,1.00,0,1.00,0,0,0,0
0.37,0,1.00,0,1.00,0,1.00,0,0,0,0
0.37,0,1.00,0,1.00,0,1.00,0,0,0,0
0.38,0,1.00,0,1.00,0,1.00,0,0,0,0
0.39,0,1.00,0,1.00,0,1.00,0,0,0,0
0.41,0,1.00,0,1.00,0,1.00,0,0,0,0
0.48,0,1.00,0,1.00,0,1.00,0,0,0,0
0.52,0,1.00,0,1.00,0,1.00,0,0,0,0
0.64,0,1.00,0,1.00,0,1.00,0,0,0,0
0.83,0,1.00,0,1.00,0,1.00,0,0,0,0
1.03,0,1.00,0,1.00,0,1.00,0,0,0,0
1.28,0,1.00,0,1.00,0,1.00,0,0,0,0
1.51,0,1.00,0,1.00,0,1.00,0,0,0,0
1.78,0,1.00,0,1.00,0,1.00,0,0,0,0
2.02,0,1.00,0,1.00,0,1.00,0,0,0,0
2.17,0,1.00,0,1.00,0,1.00,0,0,0,0
2.40,0,1.00,0,1.00,0,1.00,0,0,0,0
2.72,0,1.00,0,1.00,0,1.00,0,0,0,0
2.94,0,1.00,0,1.00,0,1.00,0,0,0,0
3.29,0,1.00,0,1.00,0,1.00,0,0,0,0
3.66,0,1.00,0,1.00,0,1.00,0,0,0,0
4.05,0,1.00,0,1.00,0,1.00,0,0,0,0
4.51,0,1.00,0,1.00,0,1.00,0,0,0,0
4.94,0,1.00,0,1.00,0,1.00,0,0,0,0
5.37,0,1.00,0,1.00,0,1.00,0,0,0,0
5.83,0,1.00,0,1.00,0,1.00,0,0,0,0
6.37,0,1.00,0,1.00,0,1.00,0,0,0,0
6.70,0,1.00,0,1.00,0,1.00,0,0,0,0
7.32,0,1.00,0,1.00,0,1.00,0,0,0,0
7.63,0,1.00,0,1.00,0,1.00,0,0,0,0
8.34,0,1.00,0,1.00,0,1.00,0,0,0,0
8.90,0,1.00,0,1.00,0,1.00,0,0,0,0
9.43,0,1.00,0,1.00,0,1.00,0,0,0,0
10.05,0,1.00,0,1.00,0,1.00,0,0,0,0
10.56,0,1.00,0,1.00,0,1.00,0,0,0,0
11.05,0,1.00,0,1.00,0,1.00,0,0,0,0
11.30,0,1.00,0,1.00,0,1.00,0,0,0,0
11.54,0,1.00,0,1.00,0,1.00,0,0,0,0
12.10,0,1.00,0,1.00,0,1.00,0,0,0,0
12.60,0,1.00,0,1.00,0,1.00,0,0,0,0
12.84,0,1.00,0,1.00,0,1.00,0,0,0,0
13.74,0,1.00,0,1.00,0,1.00,0,0,0,0
14.10,0,1.00,0,1.00,0,1.00,0,0,0,0
14.61,0,1.00,0,1.00,0,1.00,0,0,0,0
14.91,0,1.00,0,1.00,0,1.00,0,0,0,0
15.51,0,1.00,0,1.00,0,1.00,0,0,0,0
16.04,0,1.00,0,1.00,0,1.00,0,0,0,0
16.53,0,1.00,0,1.00,0,1.00,0,0,0,0
16.82,0,1.00,0,1.00,0,1.00,0,0,0,0
17.29,0,1.00,0,1.00,0,1.00,0,0,0,0
17.81,0,1.00,0,1.00,0,1.00,0,0,0,0
18.29,0,1.00,0,1.00,0,1.00,0,0,0,0
18.56,0,1.00,0,1.00,0,1.00,0,0,0,0
19.21,0,1.00,0,1.00,0,1.00,0,0,0,0
19.96,0,1.00,0,1.00,0,1.00,0,0,0,0
21.33,0,1.00,0,1.00,0,1.00,0,0,0,0
23.60,0,1.00,0,1.00,0,1.00,0,0,0,0
24.36,0,1.00,0,1.00,0,1.00,0,0,0,0
25.56,0,1.00,0,1.00,0,1.00,0,0,0,0
26.74,0,1.00,0,1.00,0,1.00,0,0,0,0
27.40,0,1.00,0,1.00,0,1.00,0,0,0,0
28.36,0,1.00,0,1.00,0,1.00,0,0,0,0
29.58,0,1.00,0,1.00,0,1.00,0,0,0,0
30.77,0,1.00,0,1.00,0,1.00,0,0,0,0
31.63,0,1.00,0,1.00,0,1.00,0,0,0,0
32.53,0,1.00,0,1.00,0,1.00,0,0,0,0
33.48,0,1.00,0,1.00,0,1.00,0,0,0,0
34.61,0,1.00,0,1.00,0,1.00,0,0,0,0
35.59,0,1.00,0,1.00,0,1.00,0,0,0,0
37.30,0,1.00,0,1.00,0,1.00,0,0,0,0
38.11,0,1.00,0,1.00,0,1.00,0,0,0,0
39.16,0,1.00,0,1.00,0,1.00,0,0,0,0
39.78,0,1.00,0,1.00,0,1.00,0,0,0,0
40.44,0,1.00,0,1.00,0,1.00,0,0,0,0
42.03,0,1.00,0,1.00,0,1.00,0,0,0,0
42.78,0,1.00,0,1.00,0,1.00,0,0,0,0
43.36,0,1.00,0,1.00,0,1.00,0,0,0,0
43.99,0,1.00,0,1.00,0,1.00,0,0,0,0
45.12,0,1.00,0,1.00,0,1.00,0,0,0,0
46.53,0,1.00,0,1.00,0,1.00,0,0,0,0
48.98,0,1.00,0,1.00,0,1.00,0,0,0,0
50.18,0,1.00,0,1.00,0,1.00,0,0,0,0
51.52,0,1.00,0,1.00,0,1.00,0,0,0,0
52.07,0,1.00,0,1.00,0,1.00,0,0,0,0
52.91,0,1.00,0,1.00,0,1.00,0,0,0,0
53.78,0,1.00,0,1.00,0,1.00,0,0,0,0
54.61,0,1.00,0,1.00,0,1.00,0,0,0,0
55.23,0,1.00,0,1.00,0,1.00,0,0,0,0
56.00,0,1.00,0,1.00,0,1.00,0,0,0,0
56.89,0,1.00,0,1.00,0,1.00,0,0,0,0
57.94,0,1.00,0,1.00,0,1.00,0,0,0,0
59.00,0,1.00,0,1.00,0,1.00,0,0,0,0
60.01,0,1.00,0,1.00,0,1.00,0,0,0,0
60.80,0,1.00,0,1.00,0,1.00,0,0,0,0
61.35,0,1.00,0,1.00,0,1.00,0,0,0,0
61.86,0,1.00,0,1.00,0,1.00,0,0,0,0
62.53,0,1.00,0,1.00,0,1.00,0,0,0,0
63.01,0,1.00,0,1.00,0,1.00,0,0,0,0
63.79,0,1.00,0,1.00,0,1.00,0,0,0,0
64.26,0,1.00,0,1.00,0,1.00,0,0,0,0
64.97,0,1.00,0,1.00,0,1.00,0,0,0,0
65.41,0,1.00,0,1.00,0,1.00,0,0,0,0
66.07,0,1.00,0,1.00,0,1.00,0,0,0,0
67.54,0,1.00,0,1.00,0,1.00,0,0,0,0
70.32,0,1.00,0,1.00,0,1.00,0,0,0,0
72.12,0,1.00,0,1.00,0,1.00,0,0,0,0
73.15,0,1.00,0,1.00,0,1.00,0,0,0,0
74.54,0,1.00,0,1.00,0,1.00,0,0,0,0
75.30,0,1.00,0,1.00,0,1.00,0,0,0,0
76.26,0,1.00,0,1.00,0,1.00,0,0,0,0
77.30,0,1.00,0,1.00,0,1.00,0,0,0,0
77.88,0,1.00,0,1.00,0,1.00,0,0,0,0
78.41,0,1.00,0,1.00,0,1.00,0,0,0,0
79.31,0,1.00,0,1.00,0,1.00,0,0,0,0
79.98,0,1.00,0,1.00,0,1.00,0,0,0,0
81.14,0,1.00,0,1.00,0,1.00,0,0,0,0
82.02,0,1.00,0,1.00,0,1.00,0,0,0,0
82.86,0,1.00,0,1.00,0,1.00,0,0,0,0
83.63,0,1.00,0,1.00,0,1.00,0,0,0,0
84.60,0,1.00,0,1.00,0,1.00,0,0,0,0
85.67,0,1.00,0,1.00,0,1.00,0,0,0,0
86.42,0,1.00,0,1.00,0,1.00,0,0,0,0
87.34,0,1.00,0,1.00,0,1.00,0,0,0,0
87.85,0,1.00,0,1.00,0,1.00,0,0,0,0
88.11,0,1.00,0,1.00,0,1.00,0,0,0,0
89.15,0,1.00,0,1.00,0,1.00,0,0,0,0
90.82,0,1.00,0,1.00,0,1.00,0,0,0,0
92.36,0,1.00,0,1.00,0,1.00,0,0,0,0
92.69,0,1.00,0,1.00,0,1.00,0,0,0,0
92.69,0,1.00,0,1.00,0,1.00,0,0,0,0
92.70,0,1.00,0,1.00,0,1.00,0,0,0,0
92.70,0,1.00,0,1.00,0,1.00,0,0,0,0
92.70,0,1.00,0,1.00,0,1.00,0,0,0,0
92.70,0,1.00,0,1.00,0,1.00,0,0,0,0
92.70,0,1.00,0,1.00,0,1.00,0,0,0,0
92.70,0,1.00,0,1.00,0,1.00,0,0,0,0
92.70,0,1.00,0,1.00,0,1.00,0,0,0,0
92.70,0,1.00,0,1.00,0,1.00,0,0,0,0
92.70,0,1.00,0,1.00,0,1.00,0,0,0,0
92.70,0,1.00,0,1.00,0,1.00,0,0,0,0
92.70,0,1.00,0,1.00,0,1.00,0,0,0,0
92.70,0,1.00,0,1.00,0,1.00,0,0,0,0
92.70,0,1.00,0,1.00,0,1.00,0,0,0,0
92.70,0,1.00,0,1.00,0,1.00,0,0,0,0
92.70,0,1.00,0,1.00,0,1.00,0,0,0,0
92.70,0,1.00,0,1.00,0,1.00,0,0,0,0
92.70,0,1.00,0,1.00,0,1.00,0,0,0,0
92.70,0,1.00,0,1.00,0,1.00,0,0,0,0
92.70,0,1.00,0,1.00,0,1.00,0,0,0,0
92.70,0,1.00,0,1.00,0,1.00,0,0,0,0
92.70,0,1.00,0,1.00,0,1.00,0,0,0,0
92.70,0,1.00,0,1.00,0,1.00,0,0,0,0
92.70,0,1.00,0,1.00,0,1.00,0,0,0,0
92.70,0,1.00,0,1.00,0,1.00,0,0,0,0
92.70,0,1.00,0,1.00,0,1.00,0,0,0,0
92.70,0,1.00,0,1.00,0,1.00,0,0,0,0
92.70,0,1.00,0,1.00,0,1.00,0,0,0,0
92.70,0,1.00,0,1.00,0,1.00,0,0,0,0
92.70,0,1.00,0,1.00,0,1.00,0,0,0,0
92.70,0,1.00,0,1.00,0,1.00,0,0,0,0
92.70,0,1.00,0,1.00,0,1.00,0,0,0,0
92.70,0,1.00,0,1.00,0,1.00,0,0,0,0
92.70,0,1.00,0,1.00,0,1.00,0,0,0,0
92.70,0,1.00,0,1.00,0,1.00,0,0,0,0
92.70,0,1.00,0,1.00,0,1.00,0,0,0,0
92.70,0,1.00,0,1.00,0,1.00,0,0,0,0
92.70,0,1.00,0,1.00,0,1.00,0,0,0,0
92.70,0,1.00,0,1.00,0,1.00,0,0,0,0
92.73,0,1.00,0,1.00,0,1.00,0,0,0,0
92.81,0,1.00,0,1.00,0,1.00,0,0,0,0
93.01,0,1.00,0,1.00,0,1.00,0,0,0,0
93.20,0,1.00,0,1.00,0,1.00,0,0,0,0
93.44,0,1.00,0,1.00,0,1.00,0,0,0,0
93.60,0,1.00,0,1.00,0,1.00,0,0,0,0
94.04,0,1.00,0,1.00,0,1.00,0,0,0,0
94.29,0,1.00,0,1.00,0,1.00,0,0,0,0
94.80,0,1.00,0,1.00,0,1.00,0,0,0,0
95.36,0,1.00,0,1.00,0,1.00,0,0,0,0
96.33,0,1.00,0,1.00,0,1.00,0,0,0,0
97.33,0,1.00,0,1.00,0,1.00,0,0,0,0
97.95,0,1.00,0,1.00,0,1.00,0,0,0,0
98.73,0,1.00,0,1.00,0,1.00,0,0,0,0
99.28,0,1.00,0,1.00,0,1.00,0,0,0,0
99.56,0,1.00,0,1.00,0,1.00,0,0,0,0
100.34,0,1.00,0,1.00,0,1.00,0,0,0,0
100.99,0,1.00,0,1.00,0,1.00,0,0,0,0
101.72,0,1.00,0,1.00,0,1.00,0,0,0,0
102.40,0,1.00,0,1.00,0,1.00,0,0,0,0
102.75,0,1.00,0,1.00,0,1.00,0,0,0,0
103.05,0,1.00,0,1.00,0,1.00,0,0,0,0
103.63,0,1.00,0,1.00,0,1.00,0,0,0,0
104.00,0,1.00,0,1.00,0,1.00,0,0,0,0
104.52,0,1.00,0,1.00,0,1.00,0,0,0,0
105.04,0,1.00,0,1.00,0,1.00,0,0,0,0
105.34,0,1.00,0,1.00,0,1.00,0,0,0,0
105.62,0,1.00,0,1.00,0,1.00,0,0,0,0
106.37,0,1.00,0,1.00,0,1.00,0,0,0,0
107.01,0,1.00,0,1.00,0,1.00,0,0,0,0
107.58,0,1.00,0,1.00,0,1.00,0,0,0,0
107.85,0,1.00,0,1.00,0,1.00,0,0,0,0
108.44,0,1.00,0,1.00,0,1.00,0,0,0,0
108.74,0,1.00,0,1.00,0,1.00,0,0,0,0
109.26,0,1.00,0,1.00,0,1.00,0,0,0,0
109.56,0,1.00,0,1.00,0,1.00,0,0,0,0
110.19,0,1.00,0,1.00,0,1.00,0,0,0,0
110.70,0,1.00,0,1.00,0,1.00,0,0,0,0
111.29,0,1.00,0,1.00,0,1.00,0,0,0,0
111.76,0,1.00,0,1.00,0,1.00,0,0,0,0
112.00,0,1.00,0,1.00,0,1.00,0,0,0,0
112.48,0,1.00,0,1.00,0,1.00,0,0,0,0
112.70,0,1.00,0,1.00,0,1.00,0,0,0,0
113.19,0,1.00,0,1.00,0,1.00,0,0,0,0
113.69,0,1.00,0,1.00,0,1.00,0,0,0,0
114.22,0,1.00,0,1.00,0,1.00,0,0,0,0
114.75,0,1.00,0,1.00,0,1.00,0,0,0,0
115.41,0,1.00,0,1.00,0,1.00,0,0,0,0
116.08,0,1.00,0,1.00,0,1.00,0,0,0,0
116.74,0,1.00,0,1.00,0,1.00,0,0,0,0
117.35,0,1.00,0,1.00,0,1.00,0,0,0,0
117.95,0,1.00,0,1.00,0,1.00,0,0,0,0
118.60,0,1.00,0,1.00,0,1.00,0,0,0,0
119.49,0,1.00,0,1.00,0,1.00,0,0,0,0
119.79,0,1.00,0,1.00,0,1.00,0,0,0,0
120.14,0,1.00,0,1.00,0,1.00,0,0,0,0
120.62,0,1.00,0,1.00,0,1.00,0,0,0,0
121.14,0,1.00,0,1.00,0,1.00,0,0,0,0
121.82,0,1.00,0,1.00,0,1.00,0,0,0,0
122.53,0,1.00,0,1.00,0,1.00,0,0,0,0
122.80,0,1.00,0,1.00,0,1.00,0,0,0,0
123.34,0,1.00,0,1.00,0,1.00,0,0,0,0
123.61,0,1.00,0,1.00,0,1.00,0,0,0,0
123.93,0,1.00,0,1.00,0,1.00,0,0,0,0
124.48,0,1.00,0,1.00,0,1.00,0,0,0,0
124.75,0,1.00,0,1.00,0,1.00,0,0,0,0
125.34,0,1.00,0,1.00,0,1.00,0,0,0,0
125.62,0,1.00,0,1.00,0,1.00,0,0,0,0
125.93,0,1.00,0,1.00,0,1.00,0,0,0,0
126.58,0,1.00,0,1.00,0,1.00,0,0,0,0
127.18,0,1.00,0,1.00,0,1.00,0,0,0,0
127.85,0,1.00,0,1.00,0,1.00,0,0,0,0
128.17,0,1.00,0,1.00,0,1.00,0,0,0,0
128.51,0,1.00,0,1.00,0,1.00,0,0,0,0
129.20,0,1.00,0,1.00,0,1.00,0,0,0,0
129.73,0,1.00,0,1.00,0,1.00,0,0,0,0
130.26,0,1.00,0,1.00,0,1.00,0,0,0,0
130.80,0,1.00,0,1.00,0,1.00,0,0,0,0
131.17,0,1.00,0,1.00,0,1.00,0,0,0,0
131.72,0,1.00,0,1.00,0,1.00,0,0,0,0
132.01,0,1.00,0,1.00,0,1.00,0,0,0,0
132.33,0,1.00,0,1.00,0,1.00,0,0,0,0
132.89,0,1.00,0,1.00,0,1.00,0,0,0,0
133.24,0,1.00,0,1.00,0,1.00,0,0,0,0
133.92,0,1.00,0,1.00,0,1.00,0,0,0,0
134.52,0,1.00,0,1.00,0,1.00,0,0,0,0
135.04,0,1.00,0,1.00,0,1.00,0,0,0,0
135.32,0,1.00,0,1.00,0,1.00,0,0,0,0
135.68,0,1.00,0,1.00,0,1.00,0,0,0,0
136.30,0,1.00,0,1.00,0,1.00,0,0,0,0
136.92,0,1.00,0,1.00,0,1.00,0,0,0,0
137.23,0,1.00,0,1.00,0,1.00,0,0,0,0
137.87,0,1.00,0,1.00,0,1.00,0,0,0,0
138.16,0,1.00,0,1.00,0,1.00,0,0,0,0
138.74,0,1.00,0,1.00,0,1.00,0,0,0,0
139.26,0,1.00,0,1.00,0,1.00,0,0,0,0
139.88,0,1.00,0,1.00,0,1.00,0,0,0,0
140.45,0,1.00,0,1.00,0,1.00,0,0,0,0
140.98,0,1.00,0,1.00,0,1.00,0,0,0,0
141.51,0,1.00,0,1.00,0,1.00,0,0,0,0
142.23,0,1.00,0,1.00,0,1.00,0,0,0,0
142.58,0,1.00,0,1.00,0,1.00,0,0,0,0
143.22,0,1.00,0,1.00,0,1.00,0,0,0,0
144.17,0,1.00,0,1.00,0,1.00,0,0,0,0
144.89,0,1.00,0,1.00,0,1.00,0,0,0,0
145.65,0,1.00,0,1.00,0,1.00,0,0,0,0
146.31,0,1.00,0,1.00,0,1.00,0,0,0,0
146.90,0,1.00,0,1.00,0,1.00,0,0,0,0
147.56,0,1.00,0,1.00,0,1.00,0,0,0,0
147.86,0,1.00,0,1.00,0,1.00,0,0,0,0
148.41,0,1.00,0,1.00,0,1.00,0,0,0,0
148.92,0,1.00,0,1.00,0,1.00,0,0,0,0
149.16,0,1.00,0,1.00,0,1.00,0,0,0,0
149.73,0,1.00,0,1.00,0,1.00,0,0,0,0
150.25,0,1.00,0,1.00,0,1.00,0,0,0,0
150.79,0,1.00,0,1.00,0,1.00,0,0,0,0
151.35,0,1.00,0,1.00,0,1.00,0,0,0,0
151.60,0,1.00,0,1.00,0,1.00,0,0,0,0
152.16,0,1.00,0,1.00,0,1.00,0,0,0,0
152.42,0,1.00,0,1.00,0,1.00,0,0,0,0
153.00,0,1.00,0,1.00,0,1.00,0,0,0,0
153.55,0,1.00,0,1.00,0,1.00,0,0,0,0
153.83,0,1.00,0,1.00,0,1.00,0,0,0,0
154.39,0,1.00,0,1.00,0,1.00,0,0,0,0
154.89,0,1.00,0,1.00,0,1.00,0,0,0,0
155.17,0,1.00,0,1.00,0,1.00,0,0,0,0
155.78,0,1.00,0,1.00,0,1.00,0,0,0,0
156.09,0,1.00,0,1.00,0,1.00,0,0,0,0
156.65,0,1.00,0,1.00,0,1.00,0,0,0,0
156.96,0,1.00,0,1.00,0,1.00,0,0,0,0
157.60,0,1.00,0,1.00,0,1.00,0,0,0,0
158.21,0,1.00,0,1.00,0,1.00,0,0,0,0
158.80,0,1.00,0,1.00,0,1.00,0,0,0,0
159.34,0,1.00,0,1.00,0,1.00,0,0,0,0
159.89,0,1.00,0,1.00,0,1.00,0,0,0,0
160.49,0,1.00,0,1.00,0,1.00,0,0,0,0
160.79,0,1.00,0,1.00,0,1.00,0,0,0,0
161.40,0,1.00,0,1.00,0,1.00,0,0,0,0
161.98,0,1.00,0,1.00,0,1.00,0,0,0,0
162.28,0,1.00,0,1.00,0,1.00,0,0,0,0
162.97,0,1.00,0,1.00,0,1.00,0,0,0,0
163.66,0,1.00,0,1.00,0,1.00,0,0,0,0
163.99,0,1.00,0,1.00,0,1.00,0,0,0,0
164.50,0,1.00,0,1.00,0,1.00,0,0,0,0
165.01,0,1.00,0,1.00,0,1.00,0,0,0,0
165.62,0,1.00,0,1.00,0,1.00,0,0,0,0
166.18,0,1.00,0,1.00,0,1.00,0,0,0,0
166.53,0,1.00,0,1.00,0,1.00,0,0,0,0
167.13,0,1.00,0,1.00,0,1.00,0,0,0,0
167.65,0,1.00,0,1.00,0,1.00,0,0,0,0
167.93,0,1.00,0,1.00,0,1.00,0,0,0,0
168.61,0,1.00,0,1.00,0,1.00,0,0,0,0
169.29,0,1.00,0,1.00,0,1.00,0,0,0,0
169.63,0,1.00,0,1.00,0,1.00,0,0,0,0
170.60,0,1.00,0,1.00,0,1.00,0,0,0,0
171.58,0,1.00,0,1.00,0,1.00,0,0,0,0
172.25,0,1.00,0,1.00,0,1.00,0,0,0,0
173.22,0,1.00,0,1.00,0,1.00,0,0,0,0
173.88,0,1.00,0,1.00,0,1.00,0,0,0,0
174.47,0,1.00,0,1.00,0,1.00,0,0,0,0
175.03,0,1.00,0,1.00,0,1.00,0,0,0,0
175.37,0,1.00,0,1.00,0,1.00,0,0,0,0
175.90,0,1.00,0,1.00,0,1.00,0,0,0,0
176.47,0,1.00,0,1.00,0,1.00,0,0,0,0
177.04,0,1.00,0,1.00,0,1.00,0,0,0,0
177.57,0,1.00,0,1.00,0,1.00,0,0,0,0
177.85,0,1.00,0,1.00,0,1.00,0,0,0,0
178.14,0,1.00,0,1.00,0,1.00,0,0,0,0
178.68,0,1.00,0,1.00,0,1.00,0,0,0,0
178.95,0,1.00,0,1.00,0,1.00,0,0,0,0
179.57,0,1.00,0,1.00,0,1.00,0,0,0,0
179.83,0,1.00,0,1.00,0,1.00,0,0,0,0
180.47,0,1.00,0,1.00,0,1.00,0,0,0,0
181.09,0,1.00,0,1.00,0,1.00,0,0,0,0
181.37,0,1.00,0,1.00,0,1.00,0,0,0,0
181.93,0,1.00,0,1.00,0,1.00,0,0,0,0
182.20,0,1.00,0,1.00,0,1.00,0,0,0,0
182.51,0,1.00,0,1.00,0,1.00,0,0,0,0
182.77,0,1.00,0,1.00,0,1.00,0,0,0,0
183.14,0,1.00,0,1.00,0,1.00,0,0,0,0
183.66,0,1.00,0,1.00,0,1.00,0,0,0,0
183.92,0,1.00,0,1.00,0,1.00,0,0,0,0
184.49,0,1.00,0,1.00,0,1.00,0,0,0,0
185.06,0,1.00,0,1.00,0,1.00,0,0,0,0
185.58,0,1.00,0,1.00,0,1.00,0,0,0,0
185.84,0,1.00,0,1.00,0,1.00,0,0,0,0
186.36,0,1.00,0,1.00,0,1.00,0,0,0,0
186.86,0,1.00,0,1.00,0,1.00,0,0,0,0
187.13,0,1.00,0,1.00,0,1.00,0,0,0,0
187.73,0,1.00,0,1.00,0,1.00,0,0,0,0
188.26,0,1.00,0,1.00,0,1.00,0,0,0,0
188.53,0,1.00,0,1.00,0,1.00,0,0,0,0
189.09,0,1.00,0,1.00,0,1.00,0,0,0,0
189.63,0,1.00,0,1.00,0,1.00,0,0,0,0
189.89,0,1.00,0,1.00,0,1.00,0,0,0,0
190.47,0,1.00,0,1.00,0,1.00,0,0,0,0
190.98,0,1.00,0,1.00,0,1.00,0,0,0,0
191.49,0,1.00,0,1.00,0,1.00,0,0,0,0
191.74,0,1.00,0,1.00,0,1.00,0,0,0,0
192.26,0,1.00,0,1.00,0,1.00,0,0,0,0
192.60,0,1.00,0,1.00,0,1.00,0,0,0,0
193.10,0,1.00,0,1.00,0,1.00,0,0,0,0
193.63,0,1.00,0,1.00,0,1.00,0,0,0,0
194.22,0,1.00,0,1.00,0,1.00,0,0,0,0
194.50,0,1.00,0,1.00,0,1.00,0,0,0,0
195.23,0,1.00,0,1.00,0,1.00,0,0,0,0
195.52,0,1.00,0,1.00,0,1.00,0,0,0,0
196.22,0,1.00,0,1.00,0,1.00,0,0,0,0
196.86,0,1.00,0,1.00,0,1.00,0,0,0,0
197.80,0,1.00,0,1.00,0,1.00,0,0,0,0
198.20,0,1.00,0,1.00,0,1.00,0,0,0,0
198.96,0,1.00,0,1.00,0,1.00,0,0,0,0
199.59,0,1.00,0,1.00,0,1.00,0,0,0,0
200.16,0,1.00,0,1.00,0,1.00,0,0,0,0
200.79,0,1.00,0,1.00,0,1.00,0,0,0,0
201.02,0,1.00,0,1.00,0,1.00,0,0,0,0
201.56,0,1.00,0,1.00,0,1.00,0,0,0,0
201.84,0,1.00,0,1.00,0,1.00,0,0,0,0
202.42,0,1.00,0,1.00,0,1.00,0,0,0,0
202.91,0,1.00,0,1.00,0,1.00,0,0,0,0
203.16,0,1.00,0,1.00,0,1.00,0,0,0,0
203.68,0,1.00,0,1.00,0,1.00,0,0,0,0
204.21,0,1.00,0,1.00,0,1.00,0,0,0,0
204.45,0,1.00,0,1.00,0,1.00,0,0,0,0
204.99,0,1.00,0,1.00,0,1.00,0,0,0,0
205.44,0,1.00,0,1.00,0,1.00,0,0,0,0
205.68,0,1.00,0,1.00,0,1.00,0,0,0,0
206.18,0,1.00,0,1.00,0,1.00,0,0,0,0
206.64,0,1.00,0,1.00,0,1.00,0,0,0,0
207.10,0,1.00,0,1.00,0,1.00,0,0,0,0
207.56,0,1.00,0,1.00,0,1.00,0,0,0,0
207.81,0,1.00,0,1.00,0,1.00,0,0,0,0
208.36,0,1.00,0,1.00,0,1.00,0,0,0,0
208.60,0,1.00,0,1.00,0,1.00,0,0,0,0
209.15,0,1.00,0,1.00,0,1.00,0,0,0,0
209.74,0,1.00,0,1.00,0,1.00,0,0,0,0
210.22,0,1.00,0,1.00,0,1.00,0,0,0,0
210.45,0,1.00,0,1.00,0,1.00,0,0,0,0
210.95,0,1.00,0,1.00,0,1.00,0,0,0,0
211.20,0,1.00,0,1.00,0,1.00,0,0,0,0
211.47,0,1.00,0,1.00,0,1.00,0,0,0,0
211.99,0,1.00,0,1.00,0,1.00,0,0,0,0
212.25,0,1.00,0,1.00,0,1.00,0,0,0,0
212.81,0,1.00,0,1.00,0,1.00,0,0,0,0
213.11,0,1.00,0,1.00,0,1.00,0,0,0,0
213.61,0,1.00,0,1.00,0,1.00,0,0,0,0
214.12,0,1.00,0,1.00,0,1.00,0,0,0,0
214.58,0,1.00,0,1.00,0,1.00,0,0,0,0
215.05,0,1.00,0,1.00,0,1.00,0,0,0,0
215.55,0,1.00,0,1.00,0,1.00,0,0,0,0
215.80,0,1.00,0,1.00,0,1.00,0,0,0,0
216.35,0,1.00,0,1.00,0,1.00,0,0,0,0
216.87,0,1.00,0,1.00,0,1.00,0,0,0,0
217.52,0,1.00,0,1.00,0,1.00,0,0,0,0
218.18,0,1.00,0,1.00,0,1.00,0,0,0,0
218.76,0,1.00,0,1.00,0,1.00,0,0,0,0
219.06,0,1.00,0,1.00,0,1.00,0,0,0,0
219.64,0,1.00,0,1.00,0,1.00,0,0,0,0
220.19,0,1.00,0,1.00,0,1.00,0,0,0,0
220.50,0,1.00,0,1.00,0,1.00,0,0,0,0
221.21,0,1.00,0,1.00,0,1.00,0,0,0,0
221.95,0,1.00,0,1.00,0,1.00,0,0,0,0
222.81,0,1.00,0,1.00,0,1.00,0,0,0,0
223.32,0,1.00,0,1.00,0,1.00,0,0,0,0
225.01,0,1.00,0,1.00,0,1.00,0,0,0,0
225.59,0,1.00,0,1.00,0,1.00,0,0,0,0
225.96,0,1.00,0,1.00,0,1.00,0,0,0,0
226.52,0,1.00,0,1.00,0,1.00,0,0,0,0
227.24,0,1.00,0,1.00,0,1.00,0,0,0,0
227.61,0,1.00,0,1.00,0,1.00,0,0,0,0
228.20,0,1.00,0,1.00,0,1.00,0,0,0,0
228.48,0,1.00,0,1.00,0,1.00,0,0,0,0
229.03,0,1.00,0,1.00,0,1.00,0,0,0,0
229.32,0,1.00,0,1.00,0,1.00,0,0,0,0
229.88,0,1.00,0,1.00,0,1.00,0,0,0,0
230.42,0,1.00,0,1.00,0,1.00,0,0,0,0
230.96,0,1.00,0,1.00,0,1.00,0,0,0,0
231.47,0,1.00,0,1.00,0,1.00,0,0,0,0
232.08,0,1.00,0,1.00,0,1.00,0,0,0,0
232.36,0,1.00,0,1.00,0,1.00,0,0,0,0
232.92,0,1.00,0,1.00,0,1.00,0,0,0,0
233.45,0,1.00,0,1.00,0,1.00,0,0,0,0
233.77,0,1.00,0,1.00,0,1.00,0,0,0,0
234.10,0,1.00,0,1.00,0,1.00,0,0,0,0
234.66,0,1.00,0,1.00,0,1.00,0,0,0,0
234.92,0,1.00,0,1.00,0,1.00,0,0,0,0
235.48,0,1.00,0,1.00,0,1.00,0,0,0,0
235.80,0,1.00,0,1.00,0,1.00,0,0,0,0
236.35,0,1.00,0,1.00,0,1.00,0,0,0,0
236.85,0,1.00,0,1.00,0,1.00,0,0,0,0
237.55,0,1.00,0,1.00,0,1.00,0,0,0,0
237.83,0,1.00,0,1.00,0,1.00,0,0,0,0
238.44,0,1.00,0,1.00,0,1.00,0,0,0,0
239.05,0,1.00,0,1.00,0,1.00,0,0,0,0
239.63,0,1.00,0,1.00,0,1.00,0,0,0,0
240.21,0,1.00,0,1.00,0,1.00,0,0,0,0
240.50,0,1.00,0,1.00,0,1.00,0,0,0,0
241.08,0,1.00,0,1.00,0,1.00,0,0,0,0
241.64,0,1.00,0,1.00,0,1.00,0,0,0,0
242.17,0,1.00,0,1.00,0,1.00,0,0,0,0
242.99,0,1.00,0,1.00,0,1.00,0,0,0,0
243.53,0,1.00,0,1.00,0,1.00,0,0,0,0
244.14,0,1.00,0,1.00,0,1.00,0,0,0,0
244.72,0,1.00,0,1.00,0,1.00,0,0,0,0
245.02,0,1.00,0,1.00,0,1.00,0,0,0,0
245.58,0,1.00,0,1.00,0,1.00,0,0,0,0
246.42,0,1.00,0,1.00,0,1.00,0,0,0,0
246.98,0,1.00,0,1.00,0,1.00,0,0,0,0
248.14,0,1.00,0,1.00,0,1.00,0,0,0,0
249.54,0,1.00,0,1.00,0,1.00,0,0,0,0
250.05,0,1.00,0,1.00,0,1.00,0,0,0,0
250.65,0,1.00,0,1.00,0,1.00,0,0,0,0
251.77,0,1.00,0,1.00,0,1.00,0,0,0,0
252.09,0,1.00,0,1.00,0,1.00,0,0,0,0
252.64,0,1.00,0,1.00,0,1.00,0,0,0,0
253.20,0,1.00,0,1.00,0,1.00,0,0,0,0
253.98,0,1.00,0,1.00,0,1.00,0,0,0,0
254.31,0,1.00,0,1.00,0,1.00,0,0,0,0
254.87,0,1.00,0,1.00,0,1.00,0,0,0,0
255.49,0,1.00,0,1.00,0,1.00,0,0,0,0
256.15,0,1.00,0,1.00,0,1.00,0,0,0,0
256.74,0,1.00,0,1.00,0,1.00,0,0,0,0
257.36,0,1.00,0,1.00,0,1.00,0,0,0,0
257.91,0,1.00,0,1.00,0,1.00,0,0,0,0
258.50,0,1.00,0,1.00,0,1.00,0,0,0,0
259.18,0,1.00,0,1.00,0,1.00,0,0,0,0
259.84,0,1.00,0,1.00,0,1.00,0,0,0,0
260.43,0,1.00,0,1.00,0,1.00,0,0,0,0
261.05,0,1.00,0,1.00,0,1.00,0,0,0,0
261.64,0,1.00,0,1.00,0,1.00,0,0,0,0
262.19,0,1.00,0,1.00,0,1.00,0,0,0,0
262.73,0,1.00,0,1.00,0,1.00,0,0,0,0
263.28,0,1.00,0,1.00,0,1.00,0,0,0,0
263.80,0,1.00,0,1.00,0,1.00,0,0,0,0
264.12,0,1.00,0,1.00,0,1.00,0,0,0,0
264.72,0,1.00,0,1.00,0,1.00,0,0,0,0
264.98,0,1.00,0,1.00,0,1.00,0,0,0,0
265.37,0,1.00,0,1.00,0,1.00,0,0,0,0
265.90,0,1.00,0,1.00,0,1.00,0,0,0,0
266.39,0,1.00,0,1.00,0,1.00,0,0,0,0
266.83,0,1.00,0,1.00,0,1.00,0,0,0,0
267.28,0,1.00,0,1.00,0,1.00,0,0,0,0
267.80,0,1.00,0,1.00,0,1.00,0,0,0,0
268.31,0,1.00,0,1.00,0,1.00,0,0,0,0
268.94,0,1.00,0,1.00,0,1.00,0,0,0,0
269.79,0,1.00,0,1.00,0,1.00,0,0,0,0
270.81,0,1.00,0,1.00,0,1.00,0,0,0,0
271.15,0,1.00,0,1.00,0,1.00,0,0,0,0
272.16,0,1.00,0,1.00,0,1.00,0,0,0,0
272.45,0,1.00,0,1.00,0,1.00,0,0,0,0
273.05,0,1.00,0,1.00,0,1.00,0,0,0,0
273.62,0,1.00,0,1.00,0,1.00,0,0,0,0
273.90,0,1.00,0,1.00,0,1.00,0,0,0,0
274.45,0,1.00,0,1.00,0,1.00,0,0,0,0
274.98,0,1.00,0,1.00,0,1.00,0,0,0,0
275.49,0,1.00,0,1.00,0,1.00,0,0,0,0
276.02,0,1.00,0,1.00,0,1.00,0,0,0,0
276.25,0,1.00,0,1.00,0,1.00,0,0,0,0
276.73,0,1.00,0,1.00,0,1.00,0,0,0,0
277.16,0,1.00,0,1.00,0,1.00,0,0,0,0
277.66,0,1.00,0,1.00,0,1.00,0,0,0,0
278.16,0,1.00,0,1.00,0,1.00,0,0,0,0
278.44,0,1.00,0,1.00,0,1.00,0,0,0,0
278.89,0,1.00,0,1.00,0,1.00,0,0,0,0
279.15,0,1.00,0,1.00,0,1.00,0,0,0,0
279.63,0,1.00,0,1.00,0,1.00,0,0,0,0
280.09,0,1.00,0,1.00,0,1.00,0,0,0,0
280.53,0,1.00,0,1.00,0,1.00,0,0,0,0
281.02,0,1.00,0,1.00,0,1.00,0,0,0,0
281.48,0,1.00,0,1.00,0,1.00,0,0,0,0
281.97,0,1.00,0,1.00,0,1.00,0,0,0,0
282.51,0,1.00,0,1.00,0,1.00,0,0,0,0
283.04,0,1.00,0,1.00,0,1.00,0,0,0,0
283.55,0,1.00,0,1.00,0,1.00,0,0,0,0
284.05,0,1.00,0,1.00,0,1.00,0,0,0,0
284.33,0,1.00,0,1.00,0,1.00,0,0,0,0
284.89,0,1.00,0,1.00,0,1.00,0,0,0,0
285.42,0,1.00,0,1.00,0,1.00,0,0,0,0
285.97,0,1.00,0,1.00,0,1.00,0,0,0,0
286.47,0,1.00,0,1.00,0,1.00,0,0,0,0
286.98,0,1.00,0,1.00,0,1.00,0,0,0,0
287.47,0,1.00,0,1.00,0,1.00,0,0,0,0
287.99,0,1.00,0,1.00,0,1.00,0,0,0,0
288.54,0,1.00,0,1.00,0,1.00,0,0,0,0
289.09,0,1.00,0,1.00,0,1.00,0,0,0,0
289.38,0,1.00,0,1.00,0,1.00,0,0,0,0
289.67,0,1.00,0,1.00,0,1.00,0,0,0,0
290.20,0,1.00,0,1.00,0,1.00,0,0,0,0
290.74,0,1.00,0,1.00,0,1.00,0,0,0,0
291.26,0,1.00,0,1.00,0,1.00,0,0,0,0
291.54,0,1.00,0,1.00,0,1.00,0,0,0,0
292.05,0,1.00,0,1.00,0,1.00,0,0,0,0
292.33,0,1.00,0,1.00,0,1.00,0,0,0,0
292.94,0,1.00,0,1.00,0,1.00,0,0,0,0
293.68,0,1.00,0,1.00,0,1.00,0,0,0,0
294.30,0,1.00,0,1.00,0,1.00,0,0,0,0
294.85,0,1.00,0,1.00,0,1.00,0,0,0,0
295.68,0,1.00,0,1.00,0,1.00,0,0,0,0
296.42,0,1.00,0,1.00,0,1.00,0,0,0,0
296.84,0,1.00,0,1.00,0,1.00,0,0,0,0
297.51,0,1.00,0,1.00,0,1.00,0,0,0,0
298.39,0,1.00,0,1.00,0,1.00,0,0,0,0
298.87,0,1.00,0,1.00,0,1.00,0,0,0,0
299.40,0,1.00,0,1.00,0,1.00,0,0,0,0
299.85,0,1.00,0,1.00,0,1.00,0,0,0,0
300.31,0,1.00,0,1.00,0,1.00,0,0,0,0
300.81,0,1.00,0,1.00,0,1.00,0,0,0,0
301.09,0,1.00,0,1.00,0,1.00,0,0,0,0
301.57,0,1.00,0,1.00,0,1.00,0,0,0,0
302.01,0,1.00,0,1.00,0,1.00,0,0,0,0
302.43,0,1.00,0,1.00,0,1.00,0,0,0,0
302.84,0,1.00,0,1.00,0,1.00,0,0,0,0
303.29,0,1.00,0,1.00,0,1.00,0,0,0,0
303.54,0,1.00,0,1.00,0,1.00,0,0,0,0
303.99,0,1.00,0,1.00,0,1.00,0,0,0,0
304.22,0,1.00,0,1.00,0,1.00,0,0,0,0
304.74,0,1.00,0,1.00,0,1.00,0,0,0,0
305.26,0,1.00,0,1.00,0,1.00,0,0,0,0
305.75,0,1.00,0,1.00,0,1.00,0,0,0,0
305.97,0,1.00,0,1.00,0,1.00,0,0,0,0
306.45,0,1.00,0,1.00,0,1.00,0,0,0,0
306.67,0,1.00,0,1.00,0,1.00,0,0,0,0
307.37,0,1.00,0,1.00,0,1.00,0,0,0,0
307.85,0,1.00,0,1.00,0,1.00,0,0,0,0
308.08,0,1.00,0,1.00,0,1.00,0,0,0,0
308.57,0,1.00,0,1.00,0,1.00,0,0,0,0
309.05,0,1.00,0,1.00,0,1.00,0,0,0,0
309.54,0,1.00,0,1.00,0,1.00,0,0,0,0
310.33,0,1.00,0,1.00,0,1.00,0,0,0,0
310.67,0,1.00,0,1.00,0,1.00,0,0,0,0
311.13,0,1.00,0,1.00,0,1.00,0,0,0,0
311.65,0,1.00,0,1.00,0,1.00,0,0,0,0
312.12,0,1.00,0,1.00,0,1.00,0,0,0,0
312.56,0,1.00,0,1.00,0,1.00,0,0,0,0
313.00,0,1.00,0,1.00,0,1.00,0,0,0,0
313.47,0,1.00,0,1.00,0,1.00,0,0,0,0
314.00,0,1.00,0,1.00,0,1.00,0,0,0,0
314.52,0,1.00,0,1.00,0,1.00,0,0,0,0
315.03,0,1.00,0,1.00,0,1.00,0,0,0,0
315.46,0,1.00,0,1.00,0,1.00,0,0,0,0
315.92,0,1.00,0,1.00,0,1.00,0,0,0,0
316.16,0,1.00,0,1.00,0,1.00,0,0,0,0
316.65,0,1.00,0,1.00,0,1.00,0,0,0,0
317.09,0,1.00,0,1.00,0,1.00,0,0,0,0
318.35,0,1.00,0,1.00,0,1.00,0,0,0,0
318.61,0,1.00,0,1.00,0,1.00,0,0,0,0
319.75,0,1.00,0,1.00,0,1.00,0,0,0,0
320.47,0,1.00,0,1.00,0,1.00,0,0,0,0
321.30,0,1.00,0,1.00,0,1.00,0,0,0,0
321.84,0,1.00,0,1.00,0,1.00,0,0,0,0
322.35,0,1.00,0,1.00,0,1.00,0,0,0,0
322.94,0,1.00,0,1.00,0,1.00,0,0,0,0
323.51,0,1.00,0,1.00,0,1.00,0,0,0,0
324.09,0,1.00,0,1.00,0,1.00,0,0,0,0
324.72,0,1.00,0,1.00,0,1.00,0,0,0,0
325.11,0,1.00,0,1.00,0,1.00,0,0,0,0
325.70,0,1.00,0,1.00,0,1.00,0,0,0,0
326.18,0,1.00,0,1.00,0,1.00,0,0,0,0
326.65,0,1.00,0,1.00,0,1.00,0,0,0,0
327.10,0,1.00,0,1.00,0,1.00,0,0,0,0
327.38,0,1.00,0,1.00,0,1.00,0,0,0,0
327.89,0,1.00,0,1.00,0,1.00,0,0,0,0
328.45,0,1.00,0,1.00,0,1.00,0,0,0,0
328.91,0,1.00,0,1.00,0,1.00,0,0,0,0
329.37,0,1.00,0,1.00,0,1.00,0,0,0,0
329.82,0,1.00,0,1.00,0,1.00,0,0,0,0
330.27,0,1.00,0,1.00,0,1.00,0,0,0,0
330.76,0,1.00,0,1.00,0,1.00,0,0,0,0
331.28,0,1.00,0,1.00,0,1.00,0,0,0,0
331.81,0,1.00,0,1.00,0,1.00,0,0,0,0
332.36,0,1.00,0,1.00,0,1.00,0,0,0,0
332.57,0,1.00,0,1.00,0,1.00,0,0,0,0
332.85,0,1.00,0,1.00,0,1.00,0,0,0,0
333.28,0,1.00,0,1.00,0,1.00,0,0,0,0
333.48,0,1.00,0,1.00,0,1.00,0,0,0,0
333.91,0,1.00,0,1.00,0,1.00,0,0,0,0
334.30,0,1.00,0,1.00,0,1.00,0,0,0,0
334.51,0,1.00,0,1.00,0,1.00,0,0,0,0
334.84,0,1.00,0,1.00,0,1.00,0,0,0,0
335.12,0,1.00,0,1.00,0,1.00,0,0,0,0
335.59,0,1.00,0,1.00,0,1.00,0,0,0,0
335.81,0,1.00,0,1.00,0,1.00,0,0,0,0
336.37,0,1.00,0,1.00,0,1.00,0,0,0,0
336.94,0,1.00,0,1.00,0,1.00,0,0,0,0
337.53,0,1.00,0,1.00,0,1.00,0,0,0,0
338.31,0,1.00,0,1.00,0,1.00,0,0,0,0
338.96,0,1.00,0,1.00,0,1.00,0,0,0,0
339.80,0,1.00,0,1.00,0,1.00,0,0,0,0
340.44,0,1.00,0,1.00,0,1.00,0,0,0,0
340.81,0,1.00,0,1.00,0,1.00,0,0,0,0
342.71,0,1.00,0,1.00,0,1.00,0,0,0,0
343.43,0,1.00,0,1.00,0,1.00,0,0,0,0
344.25,0,1.00,0,1.00,0,1.00,0,0,0,0
344.89,0,1.00,0,1.00,0,1.00,0,0,0,0
345.18,0,1.00,0,1.00,0,1.00,0,0,0,0
345.83,0,1.00,0,1.00,0,1.00,0,0,0,0
346.45,0,1.00,0,1.00,0,1.00,0,0,0,0
347.04,0,1.00,0,1.00,0,1.00,0,0,0,0
347.31,0,1.00,0,1.00,0,1.00,0,0,0,0
348.32,0,1.00,0,1.00,0,1.00,0,0,0,0
0.00,0,1.00,0,1.00,0,1.00,0,0,0,0
0.13,0,1.00,0,1.00,0,1.00,0,0,0,0
0.25,0,1.00,0,1.00,0,1.00,0,0,0,0
0.32,0,1.00,0,1.00,0,1.00,0,0,0,0
0.33,0,1.00,0,1.00,0,1.00,0,0,0,0
0.35,0,1.00,0,1.00,0,1.00,0,0,0,0
0.36,0,1.00,0,1.00,0,1.00,0,0,0,0
0.38,0,1.00,0,1.00,0,1.00,0,0,0,0
0.38,0,1.00,0,1.00,0,1.00,0,0,0,0
0.41,0,1.00,0,1.00,0,1.00,0,0,0,0
0.51,0,1.00,0,1.00,0,1.00,0,0,0,0
0.64,0,1.00,0,1.00,0,1.00,0,0,0,0
0.71,0,1.00,0,1.00,0,1.00,0,0,0,0
0.85,0,1.00,0,1.00,0,1.00,0,0,0,0
0.94,0,1.00,0,1.00,0,1.00,0,0,0,0
1.13,0,1.00,0,1.00,0,1.00,0,0,0,0
1.33,0,1.00,0,1.00,0,1.00,0,0,0,0
1.47,0,1.00,0,1.00,0,1.00,0,0,0,0
1.71,0,1.00,0,1.00,0,1.00,0,0,0,0
2.06,0,1.00,0,1.00,0,1.00,0,0,0,0
2.36,0,1.00,0,1.00,0,1.00,0,0,0,0
2.54,0,1.00,0,1.00,0,1.00,0,0,0,0
2.74,0,1.00,0,1.00,0,1.00,0,0,0,0
3.13,0,1.00,0,1.00,0,1.00,0,0,0,0
3.50,0,1.00,0,1.00,0,1.00,0,0,0,0
3.73,0,1.00,0,1.00,0,1.00,0,0,0,0
3.96,0,1.00,0,1.00,0,1.00,0,0,0,0
4.35,0,1.00,0,1.00,0,1.00,0,0,0,0
4.57,0,1.00,0,1.00,0,1.00,0,0,0,0
5.71,0,1.00,0,1.00,0,1.00,0,0,0,0
8.69,0,1.00,0,1.00,0,1.00,0,0,0,0
11.65,0,1.00,0,1.00,0,1.00,0,0,0,0
15.57,0,1.00,0,1.00,0,1.00,0,0,0,0
19.69,0,1.00,0,1.00,0,1.00,0,0,0,0
24.61,0,1.00,0,1.00,0,1.00,0,0,0,0
31.11,0,1.00,0,1.00,0,1.00,0,0,0,0
40.70,0,1.00,0,1.00,0,1.00,0,0,0,0
45.99,0,1.00,0,1.00,0,1.00,0,0,0,0
54.73,0,1.00,0,1.00,0,1.00,0,0,0,0
60.14,0,1.00,0,1.00,0,1.00,0,0,0,0
67.37,0,1.00,0,1.00,0,1.00,0,0,0,0
74.11,0,1.00,0,1.00,0,1.00,0,0,0,0
82.05,0,1.00,0,1.00,0,1.00,0,0,0,0
89.18,0,1.00,0,1.00,0,1.00,0,0,0,0
94.16,0,1.00,0,1.00,0,1.00,0,0,0,0
109.46,0,1.00,0,1.00,0,1.00,0,0,0,0
119.73,0,1.00,0,1.00,0,1.00,0,0,0,0
127.39,0,1.00,0,1.00,0,1.00,0,0,0,0
138.57,0,1.00,0,1.00,0,1.00,0,0,0,0
150.28,0,1.00,0,1.00,0,1.00,0,0,1,0
157.57,0,1.00,0,1.00,1,0.00,0,0,1,0
158.46,0,1.00,0,1.00,1,0.00,0,0,1,0
158.52,0,1.00,0,1.00,1,0.00,0,0,1,0
158.71,0,1.00,0,1.00,1,0.00,0,0,1,0
159.03,0,1.00,0,1.00,1,0.00,0,0,1,0
159.04,0,1.00,0,1.00,1,0.00,0,0,1,0
159.04,0,1.00,0,1.00,1,0.00,0,0,1,0
159.05,0,1.00,0,1.00,1,0.00,0,0,1,0
159.05,0,1.00,0,1.00,1,0.00,0,0,1,0
159.06,0,1.00,0,1.00,1,0.00,0,0,1,0
159.08,0,1.00,0,1.00,1,0.00,0,0,1,0
159.09,0,1.00,0,1.00,1,0.00,0,0,1,0
0.00,0,1.00,0,1.00,0,1.00,0,0,0,0
0.19,0,1.00,0,1.00,0,1.00,0,0,0,0
0.24,0,1.00,0,1.00,0,1.00,0,0,0,0
0.24,0,1.00,0,1.00,0,1.00,0,0,0,0
0.25,0,1.00,0,1.00,0,1.00,0,0,0,0
0.27,0,1.00,0,1.00,0,1.00,0,0,0,0
0.28,0,1.00,0,1.00,0,1.00,0,0,0,0
0.29,0,1.00,0,1.00,0,1.00,0,0,0,0
0.29,0,1.00,0,1.00,0,1.00,0,0,0,0
0.31,0,1.00,0,1.00,0,1.00,0,0,0,0
0.34,0,1.00,0,1.00,0,1.00,0,0,0,0
0.43,0,1.00,0,1.00,0,1.00,0,0,0,0
0.50,0,1.00,0,1.00,0,1.00,0,0,0,0
0.65,0,1.00,0,1.00,0,1.00,0,0,0,0
0.80,0,1.00,0,1.00,0,1.00,0,0,0,0
1.00,0,1.00,0,1.00,0,1.00,0,0,0,0
1.23,0,1.00,0,1.00,0,1.00,0,0,0,0
1.57,0,1.00,0,1.00,0,1.00,0,0,0,0
1.85,0,1.00,0,1.00,0,1.00,0,0,0,0
2.01,0,1.00,0,1.00,0,1.00,0,0,0,0
2.21,0,1.00,0,1.00,0,1.00,0,0,0,0
2.61,0,1.00,0,1.00,0,1.00,0,0,0,0
3.05,0,1.00,0,1.00,0,1.00,0,0,0,0
3.29,0,1.00,0,1.00,0,1.00,0,0,0,0
3.69,0,1.00,0,1.00,0,1.00,0,0,0,0
3.94,0,1.00,0,1.00,0,1.00,0,0,0,0
4.44,0,1.00,0,1.00,0,1.00,0,0,0,0
4.93,0,1.00,0,1.00,0,1.00,0,0,0,0
5.44,0,1.00,0,1.00,0,1.00,0,0,0,0
5.74,0,1.00,0,1.00,0,1.00,0,0,0,0
6.04,0,1.00,0,1.00,0,1.00,0,0,0,0
6.57,0,1.00,0,1.00,0,1.00,0,0,0,0
7.14,0,1.00,0,1.00,0,1.00,0,0,0,0
7.77,0,1.00,0,1.00,0,1.00,0,0,0,0
8.38,0,1.00,0,1.00,0,1.00,0,0,0,0
8.74,0,1.00,0,1.00,0,1.00,0,0,0,0
9.39,0,1.00,0,1.00,0,1.00,0,0,0,0
9.64,0,1.00,0,1.00,0,1.00,0,0,0,0
9.97,0,1.00,0,1.00,0,1.00,0,0,0,0
10.51,0,1.00,0,1.00,0,1.00,0,0,0,0
10.84,0,1.00,0,1.00,0,1.00,0,0,0,0
11.46,0,1.00,0,1.00,0,1.00,0,0,0,0
12.11,0,1.00,0,1.00,0,1.00,0,0,0,0
12.73,0,1.00,0,1.00,0,1.00,0,0,0,0
13.40,0,1.00,0,1.00,0,1.00,0,0,0,0
13.98,0,1.00,0,1.00,0,1.00,0,0,0,0
14.65,0,1.00,0,1.00,0,1.00,0,0,0,0
15.26,0,1.00,0,1.00,0,1.00,0,0,0,0
15.80,0,1.00,0,1.00,0,1.00,0,0,0,0
16.92,0,1.00,0,1.00,0,1.00,0,0,0,0
18.42,0,1.00,0,1.00,0,1.00,0,0,0,0
19.25,0,1.00,0,1.00,0,1.00,0,0,0,0
19.86,0,1.00,0,1.00,0,1.00,0,0,0,0
20.54,0,1.00,0,1.00,0,1.00,0,0,0,0
21.22,0,1.00,0,1.00,0,1.00,0,0,0,0
21.61,0,1.00,0,1.00,0,1.00,0,0,0,0
22.23,0,1.00,0,1.00,0,1.00,0,0,0,0
22.54,0,1.00,0,1.00,0,1.00,0,0,0,0
22.88,0,1.00,0,1.00,0,1.00,0,0,0,0
23.48,0,1.00,0,1.00,0,1.00,0,0,0,0
23.88,0,1.00,0,1.00,0,1.00,0,0,0,0
24.20,0,1.00,0,1.00,0,1.00,0,0,0,0
25.28,0,1.00,0,1.00,0,1.00,0,0,0,0
26.42,0,1.00,0,1.00,0,1.00,0,0,0,0
27.51,0,1.00,0,1.00,0,1.00,0,0,0,0
29.38,0,1.00,0,1.00,0,1.00,0,0,0,0
30.45,0,1.00,0,1.00,0,1.00,0,0,0,0
31.10,0,1.00,0,1.00,0,1.00,0,0,0,0
32.26,0,1.00,0,1.00,0,1.00,0,0,0,0
33.36,0,1.00,0,1.00,0,1.00,0,0,0,0
34.67,0,1.00,0,1.00,0,1.00,0,0,0,0
36.09,0,1.00,0,1.00,0,1.00,0,0,0,0
38.33,0,1.00,0,1.00,0,1.00,0,0,0,0
39.26,0,1.00,0,1.00,0,1.00,0,0,0,0
40.77,0,1.00,0,1.00,0,1.00,0,0,0,0
42.84,0,1.00,0,1.00,0,1.00,0,0,0,0
44.84,0,1.00,0,1.00,0,1.00,0,0,0,0
46.05,0,1.00,0,1.00,0,1.00,0,0,0,0
46.87,0,1.00,0,1.00,0,1.00,0,0,0,0
48.14,0,1.00,0,1.00,0,1.00,0,0,0,0
49.11,0,1.00,0,1.00,0,1.00,0,0,0,0
50.75,0,1.00,0,1.00,0,1.00,0,0,0,0
52.44,0,1.00,0,1.00,0,1.00,0,0,0,0
53.55,0,1.00,0,1.00,0,1.00,0,0,0,0
54.16,0,1.00,0,1.00,0,1.00,0,0,0,0
55.46,0,1.00,0,1.00,0,1.00,0,0,0,0
56.16,0,1.00,0,1.00,0,1.00,0,0,0,0
57.63,0,1.00,0,1.00,0,1.00,0,0,0,0
59.14,0,1.00,0,1.00,0,1.00,0,0,0,0
60.45,0,1.00,0,1.00,0,1.00,0,0,0,0
62.32,0,1.00,0,1.00,0,1.00,0,0,0,0
64.28,0,1.00,0,1.00,0,1.00,0,0,0,0
67.83,0,1.00,0,1.00,0,1.00,0,0,0,0
68.99,0,1.00,0,1.00,0,1.00,0,0,0,0
70.84,0,1.00,0,1.00,0,1.00,0,0,0,0
72.13,0,1.00,0,1.00,0,1.00,0,0,0,0
73.36,0,1.00,0,1.00,0,1.00,0,0,0,0
73.98,0,1.00,0,1.00,0,1.00,0,0,0,0
75.20,0,1.00,0,1.00,0,1.00,0,0,0,0
76.80,0,1.00,0,1.00,0,1.00,0,0,0,0
78.34,0,1.00,0,1.00,0,1.00,0,0,0,0
79.58,0,1.00,0,1.00,0,1.00,0,0,0,0
80.18,0,1.00,0,1.00,0,1.00,0,0,0,0
81.31,0,1.00,0,1.00,0,1.00,0,0,0,0
82.97,0,1.00,0,1.00,0,1.00,0,0,0,0
83.76,0,1.00,0,1.00,0,1.00,0,0,0,0
85.05,0,1.00,0,1.00,0,1.00,0,0,0,0
86.28,0,1.00,0,1.00,0,1.00,0,0,0,0
87.28,0,1.00,0,1.00,0,1.00,0,0,0,0
88.16,0,1.00,0,1.00,0,1.00,0,0,0,0
88.42,0,1.00,0,1.00,0,1.00,0,0,0,0
89.41,0,1.00,0,1.00,0,1.00,0,0,0,0
90.73,0,1.00,0,1.00,0,1.00,0,0,0,0
92.91,0,1.00,0,1.00,0,1.00,0,0,0,0
96.03,0,1.00,0,1.00,0,1.00,0,0,0,0
97.08,0,1.00,0,1.00,0,1.00,0,0,0,0
98.46,0,1.00,0,1.00,0,1.00,0,0,0,0
99.73,0,1.00,0,1.00,0,1.00,0,0,0,0
100.66,0,1.00,0,1.00,0,1.00,0,0,0,0
101.30,0,1.00,0,1.00,0,1.00,0,0,0,0
102.66,0,1.00,0,1.00,0,1.00,0,0,0,0
104.25,0,1.00,0,1.00,0,1.00,0,0,0,0
105.80,0,1.00,0,1.00,0,1.00,0,0,0,0
106.85,0,1.00,0,1.00,0,1.00,0,0,0,0
107.52,0,1.00,0,1.00,0,1.00,0,0,0,0
108.78,0,1.00,0,1.00,0,1.00,0,0,0,0
110.21,0,1.00,0,1.00,0,1.00,0,0,0,0
111.98,0,1.00,0,1.00,0,1.00,0,0,0,0
113.10,0,1.00,0,1.00,0,1.00,0,0,0,0
114.07,0,1.00,0,1.00,0,1.00,0,0,0,0
115.60,0,1.00,0,1.00,0,1.00,0,0,0,0
116.95,0,1.00,0,1.00,0,1.00,0,0,0,0
118.69,0,1.00,0,1.00,0,1.00,0,0,0,0
121.19,0,1.00,0,1.00,0,1.00,0,0,0,0
122.80,0,1.00,0,1.00,0,1.00,0,0,0,0
123.99,0,1.00,0,1.00,0,1.00,0,0,0,0
125.51,0,1.00,0,1.00,0,1.00,0,0,0,0
127.81,0,1.00,0,1.00,0,1.00,0,0,0,0
129.33,0,1.00,0,1.00,0,1.00,0,0,0,0
130.63,0,1.00,0,1.00,0,1.00,0,0,0,0
131.62,0,1.00,0,1.00,0,1.00,0,0,0,0
132.49,0,1.00,0,1.00,0,1.00,0,0,0,0
133.44,0,1.00,0,1.00,0,1.00,0,0,0,0
134.73,0,1.00,0,1.00,0,1.00,0,0,0,0
137.51,0,1.00,0,1.00,0,1.00,0,0,0,0
139.63,0,1.00,0,1.00,0,1.00,0,0,0,0
141.79,0,1.00,0,1.00,0,1.00,0,0,0,0
142.61,0,1.00,0,1.00,0,1.00,0,0,0,0
144.27,0,1.00,0,1.00,0,1.00,0,0,0,0
145.18,0,1.00,0,1.00,0,1.00,0,0,0,0
145.78,0,1.00,0,1.00,0,1.00,0,0,0,0
146.70,0,1.00,0,1.00,0,1.00,0,0,0,0
147.36,0,1.00,0,1.00,0,1.00,0,0,0,0
148.32,0,1.00,0,1.00,0,1.00,0,0,0,0
149.33,0,1.00,0,1.00,0,1.00,0,0,0,0
150.03,0,1.00,0,1.00,0,1.00,0,0,0,0
150.91,0,1.00,0,1.00,0,1.00,0,0,0,0
151.96,0,1.00,0,1.00,0,1.00,0,0,0,0
153.06,0,1.00,0,1.00,0,1.00,0,0,0,0
153.91,0,1.00,0,1.00,0,1.00,0,0,0,0
154.87,0,1.00,0,1.00,0,1.00,0,0,1,0
156.22,0,1.00,0,1.00,0,1.00,0,0,1,0
156.96,0,1.00,0,1.00,0,1.00,0,0,1,0
157.85,0,1.00,0,1.00,0,1.00,0,0,1,0
158.76,0,1.00,0,1.00,0,1.00,0,0,1,0
159.72,0,1.00,0,1.00,0,1.00,0,0,1,0
162.19,0,1.00,0,1.00,0,1.00,0,0,1,0
164.09,0,1.00,0,1.00,0,1.00,0,0,1,0
166.30,0,1.00,0,1.00,0,1.00,0,0,1,0
167.21,0,1.00,0,1.00,0,1.00,0,0,1,0
168.34,0,1.00,0,1.00,0,1.00,0,0,1,0
169.58,0,1.00,0,1.00,0,1.00,0,0,1,0
170.51,0,1.00,0,1.00,0,1.00,0,0,1,0
171.39,0,1.00,0,1.00,0,1.00,0,0,1,0
172.44,0,1.00,0,1.00,0,1.00,0,0,1,0
173.24,0,1.00,0,1.00,0,1.00,0,0,1,0
174.41,0,1.00,0,1.00,0,1.00,0,0,2,0
175.09,0,1.00,0,1.00,0,1.00,0,0,2,0
176.27,0,1.00,0,1.00,0,1.00,0,0,2,0
176.83,0,1.00,0,1.00,0,1.00,0,0,2,0
177.58,0,1.00,0,1.00,0,1.00,0,0,2,0
178.31,0,1.00,0,1.00,0,1.00,0,0,2,0
179.49,0,1.00,0,1.00,0,1.00,0,0,2,0
180.49,0,1.00,0,1.00,0,1.00,0,0,2,0
181.16,0,1.00,0,1.00,0,1.00,0,0,2,0
183.17,0,1.00,0,1.00,0,1.00,0,0,2,0
185.23,0,1.00,0,1.00,0,1.00,0,0,2,0
187.60,0,1.00,0,1.00,0,1.00,0,0,2,0
188.63,0,1.00,0,1.00,0,1.00,0,0,2,0
189.85,0,1.00,0,1.00,0,1.00,0,0,2,0
190.88,0,1.00,0,1.00,0,1.00,0,0,2,0
192.51,0,1.00,0,1.00,0,1.00,0,0,2,0
193.65,0,1.00,0,1.00,0,1.00,0,0,2,0
194.44,0,1.00,0,1.00,0,1.00,0,0,3,0
195.66,0,1.00,0,1.00,0,1.00,0,0,3,0
196.20,0,1.00,0,1.00,0,1.00,0,0,3,0
197.11,0,1.00,0,1.00,0,1.00,0,0,3,0
197.71,0,1.00,0,1.00,0,1.00,0,0,3,0
198.70,0,1.00,0,1.00,0,1.00,0,0,3,0
199.49,0,1.00,0,1.00,0,1.00,0,0,3,0
200.39,0,1.00,0,1.00,0,1.00,0,0,3,0
201.81,0,1.00,0,1.00,0,1.00,0,0,3,0
202.79,0,1.00,0,1.00,0,1.00,0,0,3,0
204.53,0,1.00,0,1.00,0,1.00,0,0,3,0
205.54,0,1.00,0,1.00,0,1.00,0,0,3,0
206.36,0,1.00,0,1.00,0,1.00,0,0,3,0
207.37,0,1.00,0,1.00,0,1.00,0,0,3,0
208.28,0,1.00,0,1.00,0,1.00,0,0,3,0
210.33,0,1.00,0,1.00,0,1.00,0,0,3,0
212.18,0,1.00,0,1.00,0,1.00,0,0,3,0
213.24,0,1.00,0,1.00,0,1.00,0,0,3,0
214.47,0,1.00,0,1.00,0,1.00,0,0,4,0
215.35,0,1.00,0,1.00,0,1.00,0,0,4,0
215.67,0,1.00,0,1.00,0,1.00,0,0,4,0
217.07,0,1.00,0,1.00,0,1.00,0,0,4,0
218.30,0,1.00,0,1.00,0,1.00,0,0,4,0
219.42,0,1.00,0,1.00,0,1.00,0,0,4,0
220.98,0,1.00,0,1.00,0,1.00,0,0,4,0
222.65,0,1.00,0,1.00,0,1.00,0,0,4,0
223.51,0,1.00,0,1.00,0,1.00,0,0,4,0
224.69,0,1.00,0,1.00,0,1.00,0,0,4,0
226.02,0,1.00,0,1.00,0,1.00,0,0,4,0
227.01,0,1.00,0,1.00,0,1.00,0,0,4,0
228.03,0,1.00,0,1.00,0,1.00,0,0,4,0
229.94,0,1.00,0,1.00,0,1.00,0,0,4,0
230.78,0,1.00,0,1.00,0,1.00,0,0,4,0
232.08,0,1.00,0,1.00,0,1.00,0,0,4,0
233.41,0,1.00,0,1.00,0,1.00,0,0,5,0
236.40,0,1.00,0,1.00,0,1.00,0,0,5,0
238.12,0,1.00,0,1.00,0,1.00,0,0,5,0
239.82,0,1.00,0,1.00,0,1.00,0,0,5,0
241.56,0,1.00,0,1.00,0,1.00,0,0,5,0
242.24,0,1.00,0,1.00,0,1.00,0,0,5,0
244.18,0,1.00,0,1.00,0,1.00,0,0,5,0
245.28,0,1.00,0,1.00,0,1.00,0,0,5,0
246.32,0,1.00,0,1.00,0,1.00,0,0,5,0
247.22,0,1.00,0,1.00,0,1.00,0,0,5,0
248.45,0,1.00,0,1.00,0,1.00,0,0,5,0
249.46,0,1.00,0,1.00,0,1.00,0,0,5,0
250.41,0,1.00,0,1.00,0,1.00,0,0,5,0
251.44,0,1.00,0,1.00,0,1.00,0,0,5,0
253.09,0,1.00,0,1.00,0,1.00,0,0,6,0
256.40,0,1.00,0,1.00,0,1.00,0,0,6,0
258.82,0,1.00,0,1.00,0,1.00,0,0,6,0
259.86,0,1.00,0,1.00,0,1.00,0,0,6,0
261.39,0,1.00,0,1.00,0,1.00,0,0,6,0
262.47,0,1.00,0,1.00,0,1.00,0,0,6,0
263.93,0,1.00,0,1.00,0,1.00,0,0,6,0
265.00,0,1.00,0,1.00,0,1.00,0,0,6,0
267.05,0,1.00,0,1.00,0,1.00,0,0,6,0
268.00,0,1.00,0,1.00,0,1.00,0,0,6,0
268.91,0,1.00,0,1.00,0,1.00,0,0,6,0
269.97,0,1.00,0,1.00,0,1.00,0,0,6,0
271.36,0,1.00,0,1.00,0,1.00,0,0,6,0
272.76,0,1.00,0,1.00,0,1.00,0,0,7,0
275.80,0,1.00,0,1.00,0,1.00,0,0,7,0
277.99,0,1.00,0,1.00,0,1.00,0,0,7,0
280.78,0,1.00,0,1.00,0,1.00,0,0,7,0
282.28,0,1.00,0,1.00,0,1.00,0,0,7,0
283.22,0,1.00,0,1.00,0,1.00,0,0,7,0
284.60,0,1.00,0,1.00,0,1.00,0,0,7,0
285.97,0,1.00,0,1.00,0,1.00,0,0,7,0
287.64,0,1.00,0,1.00,0,1.00,0,0,7,0
288.50,0,1.00,0,1.00,0,1.00,0,0,7,0
289.07,0,1.00,0,1.00,0,1.00,0,0,7,0
290.11,0,1.00,0,1.00,0,1.00,0,0,7,0
291.96,0,1.00,0,1.00,0,1.00,0,0,8,0
293.04,0,1.00,0,1.00,0,1.00,0,0,8,0
294.45,0,1.00,0,1.00,0,1.00,0,0,8,0
295.64,0,1.00,0,1.00,0,1.00,0,0,8,0
297.95,0,1.00,0,1.00,0,1.00,0,0,8,0
300.72,0,1.00,0,1.00,0,1.00,0,0,8,0
302.35,0,1.00,0,1.00,0,1.00,0,0,8,0
303.75,0,1.00,0,1.00,0,1.00,0,0,8,0
305.67,0,1.00,0,1.00,0,1.00,0,0,8,0
308.08,0,1.00,0,1.00,0,1.00,0,0,8,0
309.57,0,1.00,0,1.00,0,1.00,0,0,8,0
311.58,0,1.00,0,1.00,0,1.00,0,0,9,0
312.21,0,1.00,0,1.00,0,1.00,0,0,9,0
313.53,0,1.00,0,1.00,0,1.00,0,0,9,0
315.21,0,1.00,0,1.00,0,1.00,0,0,9,0
316.14,0,1.00,0,1.00,0,1.00,0,0,9,0
317.21,0,1.00,0,1.00,0,1.00,0,0,9,0
318.66,0,1.00,0,1.00,0,1.00,0,0,9,0
319.50,0,1.00,0,1.00,0,1.00,0,0,9,0
320.83,0,1.00,0,1.00,0,1.00,0,0,9,0
325.11,0,1.00,0,1.00,0,1.00,0,0,9,0
327.11,0,1.00,0,1.00,0,1.00,0,0,9,0
328.82,0,1.00,0,1.00,0,1.00,0,0,9,0
330.07,0,1.00,0,1.00,0,1.00,0,0,9,0
331.05,0,1.00,0,1.00,0,1.00,0,0,10,0
331.91,0,1.00,0,1.00,0,1.00,0,0,10,0
332.56,0,1.00,0,1.00,0,1.00,0,0,10,0
333.52,0,1.00,0,1.00,0,1.00,0,0,10,0
334.51,0,1.00,0,1.00,0,1.00,0,0,10,0
335.75,0,1.00,0,1.00,0,1.00,0,0,10,0
337.30,0,1.00,0,1.00,0,1.00,0,0,10,0
338.27,0,1.00,0,1.00,0,1.00,0,0,10,0
339.28,0,1.00,0,1.00,0,1.00,0,0,10,0
340.37,0,1.00,0,1.00,0,1.00,0,0,10,0
341.13,0,1.00,0,1.00,0,1.00,0,0,10,0
341.82,0,1.00,0,1.00,0,1.00,0,0,10,0
343.25,0,1.00,0,1.00,0,1.00,0,0,10,0
344.52,0,1.00,0,1.00,0,1.00,0,0,10,0
345.59,0,1.00,0,1.00,0,1.00,0,0,10,0
346.55,0,1.00,0,1.00,0,1.00,0,0,10,0
347.70,0,1.00,0,1.00,0,1.00,0,0,10,0
350.03,0,1.00,0,1.00,0,1.00,0,0,11,0
353.26,0,1.00,0,1.00,0,1.00,0,0,11,0
354.59,0,1.00,0,1.00,0,1.00,0,0,11,0
356.27,0,1.00,0,1.00,0,1.00,0,0,11,0
357.21,0,1.00,0,1.00,0,1.00,0,0,11,0
358.51,0,1.00,0,1.00,0,1.00,0,0,11,0
360.00,0,1.00,0,1.00,0,1.00,0,0,11,0
360.76,0,1.00,0,1.00,0,1.00,0,0,11,0
362.25,0,1.00,0,1.00,0,1.00,0,0,11,0
363.73,0,1.00,0,1.00,0,1.00,0,0,11,0
364.48,0,1.00,0,1.00,0,1.00,0,0,11,0
365.46,0,1.00,0,1.00,0,1.00,0,0,11,0
366.18,0,1.00,0,1.00,0,1.00,0,0,11,0
367.79,0,1.00,0,1.00,0,1.00,0,0,11,0
369.91,0,1.00,0,1.00,0,1.00,0,0,12,0
372.69,0,1.00,0,1.00,0,1.00,0,0,12,0
374.56,0,1.00,0,1.00,0,1.00,0,0,12,0
376.28,0,1.00,0,1.00,0,1.00,0,0,12,0
377.84,0,1.00,0,1.00,0,1.00,0,0,12,0
378.67,0,1.00,0,1.00,0,1.00,0,0,12,0
379.79,0,1.00,0,1.00,0,1.00,0,0,12,0
380.97,0,1.00,0,1.00,0,1.00,0,0,12,0
382.73,0,1.00,0,1.00,0,1.00,0,0,12,0
384.82,0,1.00,0,1.00,0,1.00,0,0,12,0
386.26,0,1.00,0,1.00,0,1.00,0,0,12,0
388.15,0,1.00,0,1.00,0,1.00,0,0,12,0
390.76,0,1.00,0,1.00,0,1.00,0,0,13,0
391.98,0,1.00,0,1.00,0,1.00,0,0,13,0
393.51,0,1.00,0,1.00,0,1.00,0,0,13,0
394.84,0,1.00,0,1.00,0,1.00,0,0,13,0
395.77,0,1.00,0,1.00,0,1.00,0,0,13,0
396.52,0,1.00,0,1.00,0,1.00,0,0,13,0
397.26,0,1.00,0,1.00,0,1.00,0,0,13,0
398.55,0,1.00,0,1.00,0,1.00,0,0,13,0
399.31,0,1.00,0,1.00,0,1.00,0,0,13,0
400.43,0,1.00,0,1.00,0,1.00,0,0,13,0
401.62,0,1.00,0,1.00,0,1.00,0,0,13,0
402.75,0,1.00,0,1.00,0,1.00,0,0,13,0
404.04,0,1.00,0,1.00,0,1.00,0,0,13,0
404.82,0,1.00,0,1.00,0,1.00,0,0,13,0
405.82,0,1.00,0,1.00,0,1.00,0,0,13,0
406.52,0,1.00,0,1.00,0,1.00,0,0,13,0
407.35,0,1.00,0,1.00,0,1.00,0,0,13,0
408.42,0,1.00,0,1.00,0,1.00,0,0,14,0
409.06,0,1.00,0,1.00,0,1.00,0,0,14,0
409.95,0,1.00,0,1.00,0,1.00,0,0,14,0
411.73,0,1.00,0,1.00,0,1.00,0,0,14,0
413.93,0,1.00,0,1.00,0,1.00,0,0,14,0
415.59,0,1.00,0,1.00,0,1.00,0,0,14,0
417.16,0,1.00,0,1.00,0,1.00,0,0,14,0
418.54,0,1.00,0,1.00,0,1.00,0,0,14,0
419.19,0,1.00,0,1.00,0,1.00,0,0,14,0
420.10,0,1.00,0,1.00,0,1.00,0,0,14,0
420.47,0,1.00,0,1.00,0,1.00,0,0,14,0
421.15,0,1.00,0,1.00,0,1.00,0,0,14,0
422.17,0,1.00,0,1.00,0,1.00,0,0,14,0
423.41,0,1.00,0,1.00,0,1.00,0,0,14,0
424.78,0,1.00,0,1.00,0,1.00,0,0,14,0
425.73,0,1.00,0,1.00,0,1.00,0,0,14,0
427.08,0,1.00,0,1.00,0,1.00,0,0,14,0
428.61,0,1.00,0,1.00,0,1.00,0,0,15,0
431.42,0,1.00,0,1.00,0,1.00,0,0,15,0
433.10,0,1.00,0,1.00,0,1.00,0,0,15,0
434.25,0,1.00,0,1.00,0,1.00,0,0,15,0
435.34,0,1.00,0,1.00,0,1.00,0,0,15,0
436.18,0,1.00,0,1.00,0,1.00,0,0,15,0
437.24,0,1.00,0,1.00,0,1.00,0,0,15,0
438.26,0,1.00,0,1.00,0,1.00,0,0,15,0
438.93,0,1.00,0,1.00,0,1.00,0,0,15,0
440.05,0,1.00,0,1.00,0,1.00,0,0,15,0
440.84,0,1.00,0,1.00,0,1.00,0,0,15,0
442.13,0,1.00,0,1.00,0,1.00,0,0,15,0
443.07,0,1.00,0,1.00,0,1.00,0,0,15,0
444.29,0,1.00,0,1.00,0,1.00,0,0,15,0
445.65,0,1.00,0,1.00,0,1.00,0,0,15,0
446.44,0,1.00,0,1.00,0,1.00,0,0,15,0
447.40,0,1.00,0,1.00,0,1.00,0,0,16,0
448.56,0,1.00,0,1.00,0,1.00,0,0,16,0
449.40,0,1.00,0,1.00,0,1.00,0,0,16,0
449.94,0,1.00,0,1.00,0,1.00,0,0,16,0
450.68,0,1.00,0,1.00,0,1.00,0,0,16,0
451.30,0,1.00,0,1.00,0,1.00,0,0,16,0
452.37,0,1.00,0,1.00,0,1.00,0,0,16,0
453.34,0,1.00,0,1.00,0,1.00,0,0,16,0
454.27,0,1.00,0,1.00,0,1.00,0,0,16,0
455.11,0,1.00,0,1.00,0,1.00,0,0,16,0
456.64,0,1.00,0,1.00,0,1.00,0,0,16,0
458.28,0,1.00,0,1.00,0,1.00,0,0,16,0
460.50,0,1.00,0,1.00,0,1.00,0,0,16,0
462.27,0,1.00,0,1.00,0,1.00,0,0,16,0
464.27,0,1.00,0,1.00,0,1.00,0,0,16,0
465.59,0,1.00,0,1.00,0,1.00,0,0,16,0
465.83,0,1.00,0,1.00,0,1.00,0,0,16,0
466.99,0,1.00,0,1.00,0,1.00,0,0,17,0
468.40,0,1.00,0,1.00,0,1.00,0,0,17,0
469.37,0,1.00,0,1.00,0,1.00,0,0,17,0
470.56,0,1.00,0,1.00,0,1.00,0,0,17,0
471.49,0,1.00,0,1.00,0,1.00,0,0,17,0
472.31,0,1.00,0,1.00,0,1.00,0,0,17,0
473.26,0,1.00,0,1.00,0,1.00,0,0,17,0
474.54,0,1.00,0,1.00,0,1.00,0,0,17,0
475.47,0,1.00,0,1.00,0,1.00,0,0,17,0
476.20,0,1.00,0,1.00,0,1.00,0,0,17,0
476.83,0,1.00,0,1.00,0,1.00,0,0,17,0
477.89,0,1.00,0,1.00,0,1.00,0,0,17,0
478.92,0,1.00,0,1.00,0,1.00,0,0,17,0
479.67,0,1.00,0,1.00,0,1.00,0,0,17,0
480.92,0,1.00,0,1.00,0,1.00,0,0,17,0
481.91,0,1.00,0,1.00,0,1.00,0,0,17,0
482.80,0,1.00,0,1.00,0,1.00,0,0,17,0
485.19,0,1.00,0,1.00,0,1.00,0,0,17,0
488.19,0,1.00,0,1.00,0,1.00,0,0,18,0
490.15,0,1.00,0,1.00,0,1.00,0,0,18,0
491.03,0,1.00,0,1.00,0,1.00,0,0,18,0
491.99,0,1.00,0,1.00,0,1.00,0,0,18,0
492.81,0,1.00,0,1.00,0,1.00,0,0,18,0
493.52,0,1.00,0,1.00,0,1.00,0,0,18,0
494.53,0,1.00,0,1.00,0,1.00,0,0,18,0
495.65,0,1.00,0,1.00,0,1.00,0,0,18,0
496.37,0,1.00,0,1.00,0,1.00,0,0,18,0
497.33,0,1.00,0,1.00,0,1.00,0,0,18,0
498.23,0,1.00,0,1.00,0,1.00,0,0,18,0
499.57,0,1.00,0,1.00,0,1.00,0,0,18,0
500.60,0,1.00,0,1.00,0,1.00,0,0,18,0
502.18,0,1.00,0,1.00,0,1.00,0,0,18,0
503.12,0,1.00,0,1.00,0,1.00,0,0,18,0
503.81,0,1.00,0,1.00,0,1.00,0,0,18,0
504.82,0,1.00,0,1.00,0,1.00,0,0,18,0
505.61,0,1.00,0,1.00,0,1.00,0,0,18,0
506.63,0,1.00,0,1.00,0,1.00,0,0,19,0
508.57,0,1.00,0,1.00,0,1.00,0,0,19,0
512.17,0,1.00,0,1.00,0,1.00,0,0,19,0
514.23,0,1.00,0,1.00,0,1.00,0,0,19,0
515.47,0,1.00,0,1.00,0,1.00,0,0,19,0
516.64,0,1.00,0,1.00,0,1.00,0,0,19,0
517.43,0,1.00,0,1.00,0,1.00,0,0,19,0
518.40,0,1.00,0,1.00,0,1.00,0,0,19,0
520.24,0,1.00,0,1.00,0,1.00,0,0,19,0
522.01,0,1.00,0,1.00,0,1.00,0,0,19,0
522.99,0,1.00,0,1.00,0,1.00,0,0,19,0
524.34,0,1.00,0,1.00,0,1.00,0,0,19,0
525.46,0,1.00,0,1.00,0,1.00,0,0,19,0
526.26,0,1.00,0,1.00,0,1.00,0,0,20,0
527.19,0,1.00,0,1.00,0,1.00,0,0,20,0
527.48,0,1.00,0,1.00,0,1.00,0,0,20,0
528.31,0,1.00,0,1.00,0,1.00,0,0,20,0
529.13,0,1.00,0,1.00,0,1.00,0,0,20,0
532.26,0,1.00,0,1.00,0,1.00,0,0,20,0
534.30,0,1.00,0,1.00,0,1.00,0,0,20,0
535.50,0,1.00,0,1.00,0,1.00,0,0,20,0
535.85,0,1.00,0,1.00,0,1.00,0,0,20,0
536.92,0,1.00,0,1.00,0,1.00,0,0,20,0
537.50,0,1.00,0,1.00,0,1.00,0,0,20,0
538.93,0,1.00,0,1.00,0,1.00,0,0,20,0
539.72,0,1.00,0,1.00,0,1.00,0,0,20,0
541.19,0,1.00,0,1.00,0,1.00,0,0,20,0
542.38,0,1.00,0,1.00,0,1.00,0,0,20,0
543.54,0,1.00,0,1.00,0,1.00,0,0,20,0
544.24,0,1.00,0,1.00,0,1.00,0,0,20,0
545.20,0,1.00,0,1.00,0,1.00,0,0,20,0
546.21,0,1.00,0,1.00,0,1.00,0,0,21,0
548.71,0,1.00,0,1.00,0,1.00,0,0,21,0
549.95,0,1.00,0,1.00,0,1.00,0,0,21,0
552.84,0,1.00,0,1.00,0,1.00,0,0,21,0
554.77,0,1.00,0,1.00,0,1.00,0,0,21,0
555.54,0,1.00,0,1.00,0,1.00,0,0,21,0
556.29,0,1.00,0,1.00,0,1.00,0,0,21,0
557.42,0,1.00,0,1.00,0,1.00,0,0,21,0
557.75,0,1.00,0,1.00,0,1.00,0,0,21,0
558.30,0,1.00,0,1.00,0,1.00,0,0,21,0
558.87,0,1.00,0,1.00,0,1.00,0,0,21,0
559.50,0,1.00,0,1.00,0,1.00,0,0,21,0
560.22,0,1.00,0,1.00,0,1.00,0,0,21,0
560.63,0,1.00,0,1.00,0,1.00,0,0,21,0
560.96,0,1.00,0,1.00,0,1.00,0,0,21,0
561.65,0,1.00,0,1.00,0,1.00,0,0,21,0
562.30,0,1.00,0,1.00,0,1.00,0,0,21,0
562.64,0,1.00,0,1.00,0,1.00,0,0,21,0
562.93,0,1.00,0,1.00,0,1.00,0,0,21,0
563.28,0,1.00,0,1.00,0,1.00,0,0,21,0
563.67,0,1.00,0,1.00,0,1.00,0,0,21,0
564.32,0,1.00,0,1.00,0,1.00,0,0,21,0
564.95,0,1.00,0,1.00,0,1.00,0,0,21,0
565.32,0,1.00,0,1.00,0,1.00,0,0,21,0
565.94,0,1.00,0,1.00,0,1.00,0,0,21,0
566.48,0,1.00,0,1.00,0,1.00,0,0,21,0
566.73,0,1.00,0,1.00,0,1.00,0,0,21,0
567.34,0,1.00,0,1.00,0,1.00,0,0,21,0
567.60,0,1.00,0,1.00,0,1.00,0,0,21,0
567.94,0,1.00,0,1.00,0,1.00,0,0,21,0
568.56,0,1.00,0,1.00,0,1.00,0,0,21,0
568.87,0,1.00,0,1.00,1,0.00,0,0,21,0
568.99,0,1.00,0,1.00,1,0.00,0,0,21,0
569.00,0,1.00,0,1.00,1,0.00,0,0,21,0
569.01,0,1.00,0,1.00,1,0.00,0,0,21,0
569.01,0,1.00,0,1.00,1,0.00,0,0,21,0
569.01,0,1.00,0,1.00,1,0.00,0,0,21,0
569.02,0,1.00,0,1.00,1,0.00,0,0,21,0
569.02,0,1.00,0,1.00,1,0.00,0,0,21,0
569.02,0,1.00,0,1.00,1,0.00,0,0,21,0
569.02,0,1.00,0,1.00,1,0.00,0,0,21,0
569.02,0,1.00,0,1.00,1,0.00,0,0,21,0
569.02,0,1.00,0,1.00,1,0.00,0,0,21,0
569.02,0,1.00,0,1.00,1,0.00,0,0,21,0
569.02,0,1.00,0,1.00,1,0.00,0,0,21,0
569.02,0,1.00,0,1.00,1,0.00,0,0,21,0
569.02,0,1.00,0,1.00,1,0.00,0,0,21,0
569.02,0,1.00,0,1.00,1,0.00,0,0,21,0
569.02,0,1.00,0,1.00,1,0.00,0,0,21,0
569.02,0,1.00,0,1.00,1,0.00,0,0,21,0
569.02,0,1.00,0,1.00,1,0.00,0,0,21,0
569.02,0,1.00,0,1.00,1,0.00,0,0,21,0
569.02,0,1.00,0,1.00,1,0.00,0,0,21,0
569.02,0,1.00,0,1.00,1,0.00,0,0,21,0
569.02,0,1.00,0,1.00,1,0.00,0,0,21,0
569.02,0,1.00,0,1.00,1,0.00,0,0,21,0
569.02,0,1.00,0,1.00,1,0.00,0,0,21,0
569.02,0,1.00,0,1.00,1,0.00,0,0,21,0
569.02,0,1.00,0,1.00,1,0.00,0,0,21,0
569.02,0,1.00,0,1.00,1,0.00,0,0,21,0
569.02,0,1.00,0,1.00,1,0.00,0,0,21,0
569.02,0,1.00,0,1.00,1,0.00,0,0,21,0
569.02,0,1.00,0,1.00,1,0.00,0,0,21,0
569.02,0,1.00,0,1.00,1,0.00,0,0,21,0
569.02,0,1.00,0,1.00,1,0.00,0,0,21,0
569.02,0,1.00,0,1.00,1,0.00,0,0,21,0
569.02,0,1.00,0,1.00,1,0.00,0,0,21,0
569.02,0,1.00,0,1.00,1,0.00,0,0,21,0
569.02,0,1.00,0,1.00,1,0.00,0,0,21,0
569.02,0,1.00,0,1.00,1,0.00,0,0,21,0
569.02,0,1.00,0,1.00,1,0.00,0,0,21,0
569.02,0,1.00,0,1.00,1,0.00,0,0,21,0
569.02,0,1.00,0,1.00,1,0.00,0,0,21,0
569.02,0,1.00,0,1.00,1,0.00,0,0,21,0
569.02,0,1.00,0,1.00,1,0.00,0,0,21,0
569.02,0,1.00,0,1.00,1,0.00,0,0,21,0
569.02,0,1.00,0,1.00,1,0.00,0,0,21,0
569.02,0,1.00,0,1.00,1,0.00,0,0,21,0
569.02,0,1.00,0,1.00,1,0.00,0,0,21,0
569.02,0,1.00,0,1.00,1,0.00,0,0,21,0
569.02,0,1.00,0,1.00,1,0.00,0,0,21,0
569.02,0,1.00,0,1.00,1,0.00,0,0,21,0
569.02,0,1.00,0,1.00,1,0.00,0,0,21,0
569.02,0,1.00,0,1.00,1,0.00,0,0,21,0
569.02,0,1.00,0,1.00,1,0.00,0,0,21,0
569.02,0,1.00,0,1.00,1,0.00,0,0,21,0
569.02,0,1.00,0,1.00,1,0.00,0,0,21,0
569.02,0,1.00,0,1.00,1,0.00,0,0,21,0
569.02,0,1.00,0,1.00,1,0.00,0,0,21,0
569.02,0,1.00,0,1.00,1,0.00,0,0,21,0
569.02,0,1.00,0,1.00,1,0.00,0,0,21,0
569.02,0,1.00,0,1.00,1,0.00,0,0,21,0
569.02,0,1.00,0,1.00,1,0.00,0,0,21,0
569.02,0,1.00,0,1.00,1,0.00,0,0,21,0
569.02,0,1.00,0,1.00,1,0.00,0,0,21,0
569.02,0,1.00,0,1.00,1,0.00,0,0,21,0
569.02,0,1.00,0,1.00,1,0.00,0,0,21,0
569.02,0,1.00,0,1.00,1,0.00,0,0,21,0
569.02,0,1.00,0,1.00,1,0.00,0,0,21,0
569.02,0,1.00,0,1.00,1,0.00,0,0,21,0
569.02,0,1.00,0,1.00,1,0.00,0,0,21,0
569.02,0,1.00,0,1.00,1,0.00,0,0,21,0
569.02,0,1.00,0,1.00,1,0.00,0,0,21,0
569.02,0,1.00,0,1.00,1,0.00,0,0,21,0
569.02,0,1.00,0,1.00,1,0.00,0,0,21,0
569.02,0,1.00,0,1.00,1,0.00,0,0,21,0
569.02,0,1.00,0,1.00,1,0.00,0,0,21,0
569.02,0,1.00,0,1.00,1,0.00,0,0,21,0
